1.81354877781814E-8 
1.80652985903862E-8 
1.80522850001807E-8 
1.80550774331323E-8 
1.80652204306853E-8 
1.80799588633818E-8 
1.80982020481224E-8 
1.81191026626948E-8 
1.81420052314252E-8 
1.81664425724648E-8 
1.81921055997236E-8 
1.82187882558082E-8 
1.82463626430263E-8 
1.82747843524567E-8 
1.83040800294521E-8 
1.83345214566089E-8 
1.83669399689279E-8 
1.84043056350447E-8 
1.84710664541399E-8 
1.86991453432483E-8 
1.87454798350473E-8 
1.87434991971713E-8 
1.87383477623371E-8 
1.871948995813E-8 
1.86658404288664E-8 
1.83703292577775E-8 
1.55101496090992E-8 
1.30877468862423E-8 
1.22289005588527E-8 
1.17854446202159E-8 
1.14188436484142E-8 
1.09787841040543E-8 
1.0420528440136E-8 
9.83308812152472E-9 
9.30553323286176E-9 
8.94189877698182E-9 
8.73928396316614E-9 
8.59501270156215E-9 
8.4076239303954E-9 
8.110928817473E-9 
7.7056876435222E-9 
7.2991390709376E-9 
7.01796665225629E-9 
6.84917766946569E-9 
6.74562317115601E-9 
6.69429844890601E-9 
6.6973950829663E-9 
6.75354483448132E-9 
6.85560852531353E-9 
6.99568492024127E-9 
7.16315762261388E-9 
7.3484485163533E-9 
7.55244755623607E-9 
7.75658737239837E-9 
7.92401877447446E-9 
8.02192889892694E-9 
8.03494160095397E-9 
7.97920840511779E-9 
7.90309329090633E-9 
7.90158694030652E-9 
8.09336420104501E-9 
8.61929549955676E-9 
9.6114947112369E-9 
1.11429478977243E-8 
1.32656472473514E-8 
1.61148268063016E-8 
1.91383175973669E-8 
2.21272493661218E-8 
2.55349306144126E-8 
2.91051662770769E-8 
3.26643068149224E-8 
3.54219764631125E-8 
3.80165268154542E-8 
4.0688124869348E-8 
4.38129710289559E-8 
4.84990678728536E-8 
5.2223214197511E-8 
5.48827152613285E-8 
5.64331621433212E-8 
5.72802498766123E-8 
5.78523504657369E-8 
5.8275954728515E-8 
5.88294390979627E-8 
5.94851350399495E-8 
5.97864584506169E-8 
6.01366423325089E-8 
6.07584595968547E-8 
6.11341519629605E-8 
6.15010407045702E-8 
6.2240189890872E-8 
6.29786001127286E-8 
6.36786197105721E-8 
6.50034763793883E-8 
6.57590035757494E-8 
6.65052510839814E-8 
6.71826967391098E-8 
6.78819986887902E-8 
6.8462746583009E-8 
6.89361883132733E-8 
6.95185136123655E-8 
7.05230291941916E-8 
7.20576096568948E-8 
7.32016758320242E-8 
7.44421129184047E-8 
7.71157218082408E-8 
7.97357415649458E-8 
8.19259540207895E-8 
8.56470663279651E-8 
8.80373178802074E-8 
9.142863177658E-8 
9.7029584367192E-8 
1.0172134068398E-7 
9.89149739893946E-8 
1.06686442791215E-7 
1.56295911324378E-7 
2.24278380756004E-7 
