4.1879475247697E-6 
4.18812487623654E-6 
4.18834770243848E-6 
4.1885909922712E-6 
4.18884337705094E-6 
4.18910713051446E-6 
4.18938680013525E-6 
4.18968556914479E-6 
4.19000662077451E-6 
4.19035495724529E-6 
4.19073739976739E-6 
4.19116258854046E-6 
4.1916446207324E-6 
4.1922048694687E-6 
4.19287744080066E-6 
4.19372418036801E-6 
4.19488151237601E-6 
4.19676234741928E-6 
4.20266451328644E-6 
4.24477320848382E-6 
4.26688802690478E-6 
4.26870656156098E-6 
4.26977067036205E-6 
4.27122586188489E-6 
4.27409668191103E-6 
4.28909879701678E-6 
4.60435285276617E-6 
5.15032616021927E-6 
5.58054716748302E-6 
5.80479490963626E-6 
5.85245652473532E-6 
5.84268218517536E-6 
5.82635175305768E-6 
5.82586562813958E-6 
5.85363977734232E-6 
5.91411344430526E-6 
6.00159273744794E-6 
6.10518736721133E-6 
6.21706885794993E-6 
6.33083254797384E-6 
6.44040437691729E-6 
6.53854158372269E-6 
6.62468164591701E-6 
6.70189183438197E-6 
6.77182379149599E-6 
6.83675898471847E-6 
6.89781518303789E-6 
6.95656126481481E-6 
7.01474527886603E-6 
7.06996888766298E-6 
7.12150995241245E-6 
7.16713475412689E-6 
7.20710886525922E-6 
7.24316896594246E-6 
7.27521774024353E-6 
7.3018268267333E-6 
7.32151329430053E-6 
7.33646493245033E-6 
7.34914237909834E-6 
7.36212177798734E-6 
7.37981918064179E-6 
7.40815903554903E-6 
7.4481808951532E-6 
7.49707896829932E-6 
7.54916391088045E-6 
7.60035118219093E-6 
7.65098866395419E-6 
7.70147926232312E-6 
7.75821717979852E-6 
7.8126868174877E-6 
7.86544478614815E-6 
7.9079463830567E-6 
7.9422652561334E-6 
7.97289794718381E-6 
8.0009003795567E-6 
8.03319016995374E-6 
8.05766831035726E-6 
8.08076765679289E-6 
8.09051562100649E-6 
8.08950062491931E-6 
8.08617551228963E-6 
8.08229560789187E-6 
8.07926335255615E-6 
8.07700780569576E-6 
8.07636024546809E-6 
8.07727337814867E-6 
8.07899687060853E-6 
8.08096137916436E-6 
8.0827230704017E-6 
8.08408913144376E-6 
8.08492404757999E-6 
8.08591539680492E-6 
8.08864297141554E-6 
8.09027187642641E-6 
8.09130142442882E-6 
8.09153607406188E-6 
8.09124503575731E-6 
8.09147331892746E-6 
8.0919598985929E-6 
8.09290031611454E-6 
8.09446009952808E-6 
8.09622360975482E-6 
8.09832272352651E-6 
8.1052448877017E-6 
8.11605150374817E-6 
8.12790858617518E-6 
8.14133363746805E-6 
8.1574135037954E-6 
8.17137788544642E-6 
8.18692751636263E-6 
8.19608612800948E-6 
8.1984035205096E-6 
8.22081437945599E-6 
8.2574488260434E-6 
8.33604190120241E-6 
8.36403069115477E-6 
