3.0079121415838E-7 
3.00913939099701E-7 
3.01020151027842E-7 
3.01120905987773E-7 
3.01219898801719E-7 
3.01318692663699E-7 
3.0141842444209E-7 
3.01520628909202E-7 
3.01626897680762E-7 
3.01738680263952E-7 
3.01857852491594E-7 
3.01986659678732E-7 
3.02128171369986E-7 
3.02286963460574E-7 
3.02469970847596E-7 
3.02689642239784E-7 
3.02971898236137E-7 
3.03392795331092E-7 
3.04529891081984E-7 
3.09053405089799E-7 
3.1179223469735E-7 
3.1214352702591E-7 
3.12474014663167E-7 
3.1302622005569E-7 
3.14308493898352E-7 
3.23112487876642E-7 
4.88143939492147E-7 
7.5942784860672E-7 
9.42098722589435E-7 
1.05802200778271E-6 
1.12449993139307E-6 
1.15537250167108E-6 
1.17150284495438E-6 
1.18774983093317E-6 
1.21001505704044E-6 
1.23956431252736E-6 
1.275133740819E-6 
1.31386843804648E-6 
1.35405957735202E-6 
1.3945377759228E-6 
1.43394356655335E-6 
1.47196783473191E-6 
1.50806329202169E-6 
1.54038093569397E-6 
1.57034162384662E-6 
1.59891203566076E-6 
1.62644710144377E-6 
1.65289429787663E-6 
1.67814584983716E-6 
1.70213456840429E-6 
1.72484033100773E-6 
1.74595709268033E-6 
1.76521291450626E-6 
1.78402353867568E-6 
1.80409188033082E-6 
1.82389851488551E-6 
1.84317332241335E-6 
1.86232978194312E-6 
1.88233616427169E-6 
1.90497758012498E-6 
1.93240862245148E-6 
1.96632481674897E-6 
2.00729937205324E-6 
2.0548479824356E-6 
2.10818166124227E-6 
2.16539865505183E-6 
2.22292146645486E-6 
2.27741202252219E-6 
2.32813999900827E-6 
2.37262361224566E-6 
2.4111707261909E-6 
2.4409368961642E-6 
2.46670811065997E-6 
2.49330446422391E-6 
2.52426639235637E-6 
2.55872919296962E-6 
2.59206058217387E-6 
2.62007893070404E-6 
2.63707102021726E-6 
2.64712730313477E-6 
2.65398466581246E-6 
2.65908056462649E-6 
2.6637285372999E-6 
2.66712845586881E-6 
2.66926599579165E-6 
2.67143559540273E-6 
2.67409063781088E-6 
2.67546033683175E-6 
2.67690916189167E-6 
2.67934137809789E-6 
2.68115763901733E-6 
2.6830912247533E-6 
2.686183734113E-6 
2.68892063104431E-6 
2.69146153186739E-6 
2.69299130195577E-6 
2.69428187493759E-6 
2.69612314696133E-6 
2.6979566882801E-6 
2.69978454525699E-6 
2.70192640527966E-6 
2.70450505013287E-6 
2.70618920694687E-6 
2.70569853455527E-6 
2.70714031103125E-6 
2.70878081209958E-6 
2.70989949058276E-6 
2.71166732090933E-6 
2.71335989054933E-6 
2.71409408014733E-6 
2.71722615252656E-6 
2.71763406090031E-6 
2.71600424639473E-6 
2.72014835900336E-6 
2.73957220997545E-6 
2.7543612759473E-6 
