6.93764263814955E-8 
6.93494968118102E-8 
6.93258854767009E-8 
6.93041855015508E-8 
6.92834873916581E-8 
6.92634927190738E-8 
6.92444501737555E-8 
6.92261892254464E-8 
6.9208496711326E-8 
6.91910244654537E-8 
6.9173466954453E-8 
6.91554973286657E-8 
6.91367034733048E-8 
6.9116559586746E-8 
6.90943835479629E-8 
6.90689461180227E-8 
6.90377817136323E-8 
6.89938772779897E-8 
6.88806807147557E-8 
6.83886014485324E-8 
6.80391778473677E-8 
6.79843452644491E-8 
6.79378544532483E-8 
6.78646827623197E-8 
6.76975204783048E-8 
6.67271251586499E-8 
5.07623774126387E-8 
2.71153268727176E-8 
1.30472406212334E-8 
6.23140605782169E-9 
3.09348036076074E-9 
2.18130469242794E-9 
1.88278814761134E-9 
1.68288760704627E-9 
1.52625756477676E-9 
1.38889899581329E-9 
1.24357191211288E-9 
1.1127585519688E-9 
1.00172714567748E-9 
9.11205499942724E-10 
8.39255331896993E-10 
7.82308995361802E-10 
7.35676131125018E-10 
6.99262203696094E-10 
6.71994848655544E-10 
6.51139531182565E-10 
6.34585495262741E-10 
6.20981766008555E-10 
6.09436057175117E-10 
5.99481242424815E-10 
5.91218463075194E-10 
5.84297443761983E-10 
5.7868154712537E-10 
5.74455871760193E-10 
5.71611036281894E-10 
5.69811864359338E-10 
5.68629698882717E-10 
5.68049551841199E-10 
5.6825566474572E-10 
5.68865510253147E-10 
5.69293778784896E-10 
5.68505131859354E-10 
5.6553656202496E-10 
5.60969048990501E-10 
5.54723378343169E-10 
5.45910594507149E-10 
5.34818689335026E-10 
5.23191323598127E-10 
5.10944397902335E-10 
4.98478980315298E-10 
4.87378137847827E-10 
4.75826045231997E-10 
4.57906407236308E-10 
4.3339201671877E-10 
4.04638322848427E-10 
3.7430125665594E-10 
3.43874345665185E-10 
3.14228865150312E-10 
2.97440155838657E-10 
2.89277601872584E-10 
2.86938001137216E-10 
2.85898915652893E-10 
2.84813894690927E-10 
2.85357432128208E-10 
2.85716478254372E-10 
2.86334400634303E-10 
2.87405294008281E-10 
2.87056073355885E-10 
2.87460472092604E-10 
2.88645107815455E-10 
2.88470997089618E-10 
2.88105178603004E-10 
2.86984991326733E-10 
2.86484697076261E-10 
2.85924089959977E-10 
2.85618362294571E-10 
2.85459489379747E-10 
2.84954060347786E-10 
2.84443191223005E-10 
2.84016143936583E-10 
2.83500417586069E-10 
2.82944168095156E-10 
2.82723539024587E-10 
2.84464563016229E-10 
2.84511247894415E-10 
2.8457888823219E-10 
2.85249074361005E-10 
2.86278750705193E-10 
2.87516926933407E-10 
2.90346247044937E-10 
2.90317686557628E-10 
2.91211443848027E-10 
2.91985380318494E-10 
2.92185026173897E-10 
2.91665552820675E-10 
2.91423801757063E-10 
