-2.32256460606909E-16 
-2.32327664314037E-16 
-2.32397994518439E-16 
-2.32465465986644E-16 
-2.32535902070164E-16 
-2.32609329238779E-16 
-2.32680903522822E-16 
-2.32750598452513E-16 
-2.32818361088294E-16 
-2.328844031884E-16 
-2.3294883063195E-16 
-2.33011590479386E-16 
-2.33072603321368E-16 
-2.33131366232084E-16 
-2.3318742922528E-16 
-2.33238886476826E-16 
-2.33280708728596E-16 
-2.33294684772226E-16 
-2.33097776081769E-16 
-2.30431898698964E-16 
-2.29516811948354E-16 
-2.29506885781003E-16 
-2.29547728650928E-16 
-2.29594712509721E-16 
-2.29630102605049E-16 
-2.29511200355078E-16 
-2.08540252767838E-16 
-1.4774516442782E-16 
-7.34780567663914E-17 
-2.63058290955664E-17 
-8.5570270997253E-18 
-4.90337571075256E-18 
-3.56144143018839E-18 
-2.40293258930148E-18 
-1.52990218257525E-18 
-9.61399455733765E-19 
-6.25124118650146E-19 
-4.37612458445666E-19 
-3.35410519753195E-19 
-2.74242348761883E-19 
-2.32680348691426E-19 
-2.02237323339604E-19 
-1.80694606282488E-19 
-1.65186352739706E-19 
-1.5365438225086E-19 
-1.44570995622141E-19 
-1.3729729922793E-19 
-1.31151114632114E-19 
-1.25586722350258E-19 
-1.20422465765027E-19 
-1.15427871678249E-19 
-1.107248458327E-19 
-1.06031448886468E-19 
-1.01330232498508E-19 
-9.63444595174817E-20 
-9.11984719915613E-20 
-8.52454728428673E-20 
-7.76913880703946E-20 
-7.14432211523385E-20 
-6.57238488279025E-20 
-5.92260930847056E-20 
-5.13052926510591E-20 
-4.34077922150576E-20 
-3.74488380121881E-20 
-3.30338099603003E-20 
-2.95368780713383E-20 
-2.53898064547165E-20 
-2.0771065789942E-20 
-1.94589376185827E-20 
-2.27163797175779E-20 
-2.12957503298935E-20 
-1.8715525198922E-20 
-1.59964629720123E-20 
-1.43147013891154E-20 
-1.2831538278033E-20 
-1.06871032361448E-20 
-9.73601839953214E-21 
-8.41259727410692E-21 
-7.21061902574284E-21 
-6.21377510694338E-21 
-5.37533385206712E-21 
-4.92145686112307E-21 
-4.61060295238114E-21 
-4.38668701848824E-21 
-4.25833791032649E-21 
-4.19484210479024E-21 
-4.04400442762149E-21 
-3.90786051543549E-21 
-3.76650714253626E-21 
-3.74400241765792E-21 
-3.736057767927E-21 
-3.68951472208347E-21 
-3.4507660827143E-21 
-3.38958218236665E-21 
-3.31699890115065E-21 
-3.26820816970709E-21 
-3.23829860314895E-21 
-3.19365387218774E-21 
-3.14661100407466E-21 
-3.12017656544152E-21 
-3.08354736809673E-21 
-3.0366915041944E-21 
-2.98746840124414E-21 
-2.85005847459034E-21 
-2.69194641440285E-21 
-2.52323509287506E-21 
-2.39173377226669E-21 
-2.21362922519406E-21 
-2.04123699033009E-21 
-2.02980852889332E-21 
-1.98736644904079E-21 
-1.89105705907322E-21 
-1.87600382595318E-21 
-1.86451437610211E-21 
-1.85085377909148E-21 
-1.84411496320762E-21 
