1964 01 01 0 0.00303040421567857
1964 01 02 0 0.00388933508656919
1964 01 03 0 0.00256867427378893
1964 01 04 0 0.000995948794297874
1964 01 05 0 0.00039105792529881
1964 01 06 0 0.000296759186312556
1964 01 07 0 0.00033295078901574
1964 01 08 0 0.000910299364477396
1964 01 09 0 0.00199641706421971
1964 01 10 0 0.00221281428821385
1964 01 11 0 0.00217983848415315
1964 01 12 0 0.00281139533035457
1964 01 13 0 0.00115100992843509
1964 01 14 0 0.00201606308110058
1964 01 15 0 0.00212757172994316
1964 01 16 0 0.00160066981334239
1964 01 17 0 0.00114137958735228
1964 01 18 0 0.000989223713986576
1964 01 19 0 0.000492734892759472
1964 01 20 0 0.000225815936573781
1964 01 21 0 0.000130914020701312
1964 01 22 0 6.31200600764714e-05
1964 01 23 0 0.000118891381134745
1964 01 24 0 0.000149906205479056
1964 01 25 0 9.31048780330457e-05
1964 01 26 0 0.000166435216669925
1964 01 27 0 0.000219105597352609
1964 01 28 0 0.000540256791282445
1964 01 29 0 0.000495770422276109
1964 01 30 0 0.000154932640725747
1964 01 31 0 0.000100428231235128
1964 02 01 0 0.000333573378156871
1964 02 02 0 0.000638871279079467
1964 02 03 0 0.00142554671037942
1964 02 04 0 0.00216910988092422
1964 02 05 0 0.00210794061422348
1964 02 06 0 0.00173117686063051
1964 02 07 0 0.00136436836328357
1964 02 08 0 0.00199000537395477
1964 02 09 0 0.00113988050725311
1964 02 10 0 0.00108447426464409
1964 02 11 0 0.000777202425524592
1964 02 12 0 0.000530950957909226
1964 02 13 0 0.000456227047834545
1964 02 14 0 0.00045669698738493
1964 02 15 0 0.000555718899704516
1964 02 16 0 0.00064687745179981
1964 02 17 0 0.000458037946373224
1964 02 18 0 0.000250214274274185
1964 02 19 0 0.000323585234582424
1964 02 20 0 0.000721690070349723
1964 02 21 0 0.000670415640342981
1964 02 22 0 0.000483894487842917
1964 02 23 0 0.000583056709729135
1964 02 24 0 0.000806391180958599
1964 02 25 0 0.000473778665764257
1964 02 26 0 0.00013759735156782
1964 02 27 0 0.00012480748409871
1964 02 28 0 6.78101714584045e-05
1964 02 29 0 6.78101714584045e-05
1964 03 01 0 0.000456093024695292
1964 03 02 0 0.000449657323770225
1964 03 03 0 0.000708905630744994
1964 03 04 0 0.000717917631845921
1964 03 05 0 0.000221438356675208
1964 03 06 0 0.000103653095720802
1964 03 07 0 0.000336211116518825
1964 03 08 0 0.000491076556500047
1964 03 09 0 0.000162397103849798
1964 03 10 0 0.000245454808464274
1964 03 11 0 0.000166180834639817
1964 03 12 0 0.000227316471864469
1964 03 13 0 0.000399409735109657
1964 03 14 0 0.00126325234305114
1964 03 15 0 0.0013692572247237
1964 03 16 0 0.00111473712604493
1964 03 17 0 0.000829909462481737
1964 03 18 0 0.000557390856556594
1964 03 19 0 0.000506182666867971
1964 03 20 0 0.000476008048281074
1964 03 21 0 0.00273619662038982
1964 03 22 0 0.00375410169363022
1964 03 23 0 0.00104880903381854
1964 03 24 0 0.00129379041027278
1964 03 25 0 0.00183086947072297
1964 03 26 0 0.0016669265460223
1964 03 27 0 0.00135409645736217
1964 03 28 0 0.00111951539292932
1964 03 29 0 0.000609403068665415
1964 03 30 0 0.000844688038341701
1964 03 31 0 0.000288198178168386
1964 04 01 0 0.000565741152968258
1964 04 02 0 0.000432151835411787
1964 04 03 0 0.000354658754076809
1964 04 04 0 0.00048397877253592
1964 04 05 0 0.000478727655718103
1964 04 06 0 0.000437473325291649
1964 04 07 0 0.000206629702006467
1964 04 08 0 0.000211692880839109
1964 04 09 0 0.000166052777785808
1964 04 10 0 0.000123093981528655
1964 04 11 0 0.000304009095998481
1964 04 12 0 0.000493805448058993
1964 04 13 0 0.000527506868820637
1964 04 14 0 0.000469492544652894
1964 04 15 0 0.000757331144995987
1964 04 16 0 0.000285327609162778
1964 04 17 0 0.000195600761799142
1964 04 18 0 0.000200487251277082
1964 04 19 0 0.000130209708004259
1964 04 20 0 0.000141662138048559
1964 04 21 0 0.00015288483700715
1964 04 22 0 7.86543605499901e-05
1964 04 23 0 6.37203993392177e-05
1964 04 24 0 6.25100583420135e-05
1964 04 25 0 0.00010985677363351
1964 04 26 0 9.59399840212427e-05
1964 04 27 0 0.000157679925905541
1964 04 28 0 0.000232620208407752
1964 04 29 0 8.62834785948507e-05
1964 04 30 0 0.000328766764141619
1964 05 01 0 0.000110220164060593
1964 05 02 0 6.10613060416654e-05
1964 05 03 0 0.000179063034011051
1964 05 04 0 9.4784758402966e-05
1964 05 05 0 0.000268548115855083
1964 05 06 0 0.000317472382448614
1964 05 07 0 0.000613150303252041
1964 05 08 0 0.000174016633536667
1964 05 09 0 0.000212180646485649
1964 05 10 0 0.000310761388391256
1964 05 11 0 0.000206663753488101
1964 05 12 0 9.38219600357115e-05
1964 05 13 0 0.000222477319766767
1964 05 14 0 0.000148821243783459
1964 05 15 0 0.000269617070443928
1964 05 16 0 0.000245944189373404
1964 05 17 0 0.000128051819046959
1964 05 18 0 7.93716171756387e-05
1964 05 19 0 0.000274044403340667
1964 05 20 0 0.000176789457327686
1964 05 21 0 8.44730820972472e-05
1964 05 22 0 6.82889731251635e-05
1964 05 23 0 0.000341178005328402
1964 05 24 0 0.000449160288553685
1964 05 25 0 0.000382472353521734
1964 05 26 0 0.000274138961685821
1964 05 27 0 0.000336729106493294
1964 05 28 0 0.000344726577168331
1964 05 29 0 0.000247359537752345
1964 05 30 0 0.000111033448774833
1964 05 31 0 0.000231839570915326
1964 06 01 0 0.000298680970445275
1964 06 02 0 0.00054369994904846
1964 06 03 0 0.000782555376645178
1964 06 04 0 0.000157544098328799
1964 06 05 0 0.000119890311907511
1964 06 06 0 0.00015278544742614
1964 06 07 0 8.74562174431048e-05
1964 06 08 0 0.000116143812192604
1964 06 09 0 0.000315432145725936
1964 06 10 0 0.000411537126637995
1964 06 11 0 0.000239605098613538
1964 06 12 0 0.000218490589759313
1964 06 13 0 0.000173339634784497
1964 06 14 0 0.000258598389336839
1964 06 15 0 0.000218709072214551
1964 06 16 0 0.00018943301984109
1964 06 17 0 0.000113423229777254
1964 06 18 0 0.000184597141924314
1964 06 19 0 0.00022514138254337
1964 06 20 0 8.28896227176301e-05
1964 06 21 0 4.13224115618505e-05
1964 06 22 0 0.000130149404867552
1964 06 23 0 0.000105742154119071
1964 06 24 0 0.000177149355295114
1964 06 25 0 0.000212869810638949
1964 06 26 0 9.46320433286019e-05
1964 06 27 0 6.77782954880968e-05
1964 06 28 0 5.20468165632337e-05
1964 06 29 0 4.20804390159901e-05
1964 06 30 0 4.88144578412175e-05
1964 07 01 0 6.82707250234671e-05
1964 07 02 0 9.1202869953122e-05
1964 07 03 0 8.23674272396602e-05
1964 07 04 0 0.000248045107582584
1964 07 05 0 0.000386909843655303
1964 07 06 0 0.000318721984513104
1964 07 07 0 0.000146253194543533
1964 07 08 0 0.00109418865758926
1964 07 09 0 0.00168608559761196
1964 07 10 0 0.000765765784308314
1964 07 11 0 0.000240792462136596
1964 07 12 0 0.000249772652750835
1964 07 13 0 0.000121320437756367
1964 07 14 0 0.00011213469406357
1964 07 15 0 9.32509210542776e-05
1964 07 16 0 2.97417973342817e-05
1964 07 17 0 8.8147891801782e-05
1964 07 18 0 0.000146602425957099
1964 07 19 0 7.63374264352024e-05
1964 07 20 0 0.000227665601414628
1964 07 21 0 0.000268892792519182
1964 07 22 0 0.000168942075106315
1964 07 23 0 0.00012969617091585
1964 07 24 0 8.22124857222661e-05
1964 07 25 0 0.000974119699094445
1964 07 26 0 0.00092934793792665
1964 07 27 0 0.000360470847226679
1964 07 28 0 0.000966061954386532
1964 07 29 0 0.00171815557405353
1964 07 30 0 0.000773785402998328
1964 07 31 0 0.000437397306086496
1964 08 01 0 0.000210634738323279
1964 08 02 0 0.000145416430314071
1964 08 03 0 0.000251729361480102
1964 08 04 0 0.000246563780819997
1964 08 05 0 0.000274052086751908
1964 08 06 0 0.000283492467133328
1964 08 07 0 0.000280141917755827
1964 08 08 0 0.000518367043696344
1964 08 09 0 0.000373381422832608
1964 08 10 0 0.000346326443832368
1964 08 11 0 0.00033571186941117
1964 08 12 0 0.000358278572093695
1964 08 13 0 0.000333762873196974
1964 08 14 0 0.00352391786873341
1964 08 15 0 0.00340675818733871
1964 08 16 0 0.00431247754022479
1964 08 17 0 0.0147246532142162
1964 08 18 0 0.0066802091896534
1964 08 19 0 0.00322753097862005
1964 08 20 0 0.000264206115389243
1964 08 21 0 0.00018791166075971
1964 08 22 0 0.000253448321018368
1964 08 23 0 0.000384288461646065
1964 08 24 0 0.000339965539751574
1964 08 25 0 0.000346349086612463
1964 08 26 0 0.000416756025515497
1964 08 27 0 0.00039350803126581
1964 08 28 0 0.00026942283147946
1964 08 29 0 9.21294413274154e-05
1964 08 30 0 3.81415266019758e-05
1964 08 31 0 7.62874697102234e-05
1964 09 01 0 0.000419417599914595
1964 09 02 0 0.00114695553202182
1964 09 03 0 0.00111747940536588
1964 09 04 0 0.00177283433731645
1964 09 05 0 0.00234933057799935
1964 09 06 0 0.00101694383192807
1964 09 07 0 0.000323563523124903
1964 09 08 0 0.000294106459477916
1964 09 09 0 0.000205733071197756
1964 09 10 0 0.000236374224186875
1964 09 11 0 0.000372671172954142
1964 09 12 0 0.000190367150935344
1964 09 13 0 0.000352643546648324
1964 09 14 0 0.000532175530679524
1964 09 15 0 0.00190506607759744
1964 09 16 0 0.00171376974321902
1964 09 17 0 0.00182823906652629
1964 09 18 0 0.00136193574871868
1964 09 19 0 0.000624234089627862
1964 09 20 0 0.000431694817962125
1964 09 21 0 0.000502669659908861
1964 09 22 0 0.000396314630052075
1964 09 23 0 0.000118412623123731
1964 09 24 0 0.0004146967548877
1964 09 25 0 0.000289413641439751
1964 09 26 0 7.78464745962992e-05
1964 09 27 0 9.84073267318308e-05
1964 09 28 0 0.0001206214146805
1964 09 29 0 0.000115341877972241
1964 09 30 0 6.95712878950872e-05
1964 10 01 0 7.54945722292177e-05
1964 10 02 0 0.00013735520769842
1964 10 03 0 0.000259486841969192
1964 10 04 0 0.000508639321196824
1964 10 05 0 0.00031569303246215
1964 10 06 0 0.0041959946975112
1964 10 07 0 0.013266553170979
1964 10 08 0 0.00108334748074412
1964 10 09 0 0.000292858225293458
1964 10 10 0 0.000328884983900934
1964 10 11 0 0.00018072928651236
1964 10 12 0 0.000227065524086356
1964 10 13 0 0.000188907579286024
1964 10 14 0 0.000565580034162849
1964 10 15 0 0.00784536637365818
1964 10 16 0 0.00148905930109322
1964 10 17 0 0.000256961880950257
1964 10 18 0 0.000271751574473456
1964 10 19 0 0.000295468315016478
1964 10 20 0 8.84258188307285e-05
1964 10 21 0 0.000133961249957792
1964 10 22 0 0.000516560219693929
1964 10 23 0 0.000516991305630654
1964 10 24 0 0.000493946019560099
1964 10 25 0 0.000559325097128749
1964 10 26 0 0.000295196718070656
1964 10 27 0 0.000267540832282975
1964 10 28 0 0.000351797440089285
1964 10 29 0 0.000630445720162243
1964 10 30 0 0.00074323225999251
1964 10 31 0 0.00079231447307393
1964 11 01 0 0.00121611822396517
1964 11 02 0 0.00160426239017397
1964 11 03 0 0.0010979869402945
1964 11 04 0 0.000488950056023896
1964 11 05 0 0.000239847213379107
1964 11 06 0 0.000338682235451415
1964 11 07 0 0.000903946871403605
1964 11 08 0 0.00148201058618724
1964 11 09 0 0.00199834420345724
1964 11 10 0 0.00224761967547238
1964 11 11 0 0.00198775855824351
1964 11 12 0 0.00176815595477819
1964 11 13 0 0.00216305418871343
1964 11 14 0 0.00352990929968655
1964 11 15 0 0.00185263599269092
1964 11 16 0 0.00220205751247704
1964 11 17 0 0.00197866559028625
1964 11 18 0 0.0034597332123667
1964 11 19 0 0.00483533600345254
1964 11 20 0 0.00305377459153533
1964 11 21 0 0.00249632028862834
1964 11 22 0 0.00114637007936835
1964 11 23 0 0.0027348434086889
1964 11 24 0 0.00276114954613149
1964 11 25 0 0.00251513603143394
1964 11 26 0 0.00131252908613533
1964 11 27 0 0.0018128571100533
1964 11 28 0 0.00250459648668766
1964 11 29 0 0.00409920932725072
1964 11 30 0 0.00242173043079674
1964 12 01 0 0.0013330748770386
1964 12 02 0 0.00132546469103545
1964 12 03 0 0.001306630554609
1964 12 04 0 0.00228783045895398
1964 12 05 0 0.00394077925011516
1964 12 06 0 0.00376216671429574
1964 12 07 0 0.00135857460554689
1964 12 08 0 0.00127880624495447
1964 12 09 0 0.00135608250275254
1964 12 10 0 0.00269041303545237
1964 12 11 0 0.0026893129106611
1964 12 12 0 0.00166449334938079
1964 12 13 0 0.000910514674615115
1964 12 14 0 0.000617739337030798
1964 12 15 0 0.000349495210684836
1964 12 16 0 0.000527981377672404
1964 12 17 0 0.000620479404460639
1964 12 18 0 0.000599833962041885
1964 12 19 0 0.000683062768075615
1964 12 20 0 0.000723554869182408
1964 12 21 0 0.00112602696754038
1964 12 22 0 0.00127604429144412
1964 12 23 0 0.000839028682094067
1964 12 24 0 0.000629049551207572
1964 12 25 0 0.000353391864337027
1964 12 26 0 0.000637169927358627
1964 12 27 0 0.000407307030400261
1964 12 28 0 0.00024709792342037
1964 12 29 0 0.000630787515547127
1964 12 30 0 0.00027701398357749
1964 12 31 0 0.000421180709963664
