1964 01 01 00 5.22588014602661 5.22576999664307 5.22353839874268 5.22262716293335 5.23458528518677 5.41266822814941 5.39585971832275 5.68970966339111 6.39670705795288 6.68221521377563 6.71127414703369 6.71127414703369
1964 01 02 00 5.04209852218628 5.04245328903198 5.04149723052979 5.040114402771 5.03852558135986 5.0412540435791 5.03319549560547 5.34474229812622 6.28714990615845 6.38110113143921 6.45522785186768 6.45522785186768
1964 01 03 00 4.93852519989014 4.93851089477539 4.93701457977295 4.93528842926025 4.93469142913818 4.93368768692017 4.92566633224487 4.94536066055298 5.81587696075439 6.20349407196045 6.35934162139893 6.35934162139893
1964 01 04 00 4.75607538223267 4.75593662261963 4.75482130050659 4.75431108474731 4.76552772521973 4.84025192260742 4.83960342407227 4.84086036682129 5.17897701263428 5.8533935546875 6.29398679733276 6.29398679733276
1964 01 05 00 4.76593542098999 4.76652479171753 4.76636838912964 4.76759481430054 4.78314018249512 4.94338035583496 4.9490442276001 4.93582487106323 4.9349193572998 5.47615242004395 6.11098384857178 6.11098384857178
1964 01 06 00 4.80275630950928 4.80155229568481 4.79893112182617 4.79789257049561 4.84132242202759 4.92190408706665 5.02535438537598 5.04747629165649 5.04748773574829 5.27401733398438 5.87587261199951 5.87587261199951
1964 01 07 00 4.71498203277588 4.71488761901855 4.71343946456909 4.71358251571655 4.77872800827026 4.85036659240723 4.92963600158691 4.97877502441406 5.00352096557617 5.16946220397949 5.65352344512939 5.65352344512939
1964 01 08 00 4.68607473373413 4.68645334243774 4.68583536148071 4.68545961380005 4.68573999404907 4.7002010345459 4.79415464401245 4.84674644470215 5.11325216293335 5.15437984466553 5.56314992904663 5.56314992904663
1964 01 09 00 4.59512710571289 4.59562063217163 4.5954532623291 4.5950927734375 4.59436845779419 4.59337091445923 4.593092918396 4.61772537231445 5.08777952194214 5.20173406600952 5.57635402679443 5.57635402679443
1964 01 10 00 4.52639389038086 4.52460765838623 4.52311038970947 4.52156972885132 4.51961326599121 4.51733064651489 4.51433992385864 4.51878356933594 4.80725002288818 5.09823417663574 5.58920097351074 5.58920097351074
1964 01 11 00 4.38934898376465 4.38934898376465 4.38934898376465 4.38934898376465 4.38934898376465 4.38921117782593 4.38958168029785 4.39365720748901 4.44939279556274 4.94670867919922 5.55318641662598 5.55318641662598
1964 01 12 00 4.24517869949341 4.24517869949341 4.24517869949341 4.24517869949341 4.24517869949341 4.24517869949341 4.24517869949341 4.25270128250122 4.60046339035034 4.73547124862671 5.47954702377319 5.47954702377319
1964 01 13 00 4.21516561508179 4.21600818634033 4.21625423431396 4.21640396118164 4.216712474823 4.21754169464111 4.2248330116272 4.26636266708374 4.77602386474609 4.83161354064941 5.40043067932129 5.40043067932129
1964 01 14 00 4.22814655303955 4.22814655303955 4.22814655303955 4.22814655303955 4.22814655303955 4.22814655303955 4.22863292694092 4.45012378692627 4.85921621322632 4.86682033538818 5.33264064788818 5.33264064788818
1964 01 15 00 4.19043397903442 4.19043397903442 4.19043397903442 4.19043397903442 4.19054651260376 4.19086170196533 4.19345903396606 4.32583284378052 4.91212129592896 4.92725944519043 5.19480466842651 5.19480466842651
1964 01 16 00 4.22811222076416 4.22811222076416 4.22810840606689 4.22800970077515 4.22793006896973 4.2283148765564 4.23507356643677 4.51607656478882 4.91999340057373 4.93402719497681 5.10846281051636 5.10846281051636
1964 01 17 00 4.1711540222168 4.1711540222168 4.1711540222168 4.1711540222168 4.1711540222168 4.17166709899902 4.19019031524658 4.49040508270264 4.77194356918335 4.91041660308838 5.07107734680176 5.07107734680176
1964 01 18 00 4.06849384307861 4.06849384307861 4.06849384307861 4.06849384307861 4.06848859786987 4.06871128082275 4.08219718933105 4.34788799285889 4.6321964263916 4.84746408462524 5.052894115448 5.052894115448
1964 01 19 00 3.97379565238953 3.975346326828 3.97545576095581 3.97533893585205 3.97572660446167 3.9779224395752 3.98822140693665 4.15773296356201 4.51606750488281 4.78078317642212 5.03763055801392 5.03763055801392
1964 01 20 00 3.8764591217041 3.87682557106018 3.87668943405151 3.89264130592346 3.90076875686646 3.91253280639648 3.9284348487854 3.9551568031311 4.41318082809448 4.72761392593384 5.02515172958374 5.02515172958374
1964 01 21 00 3.75851273536682 3.75817513465881 3.75724172592163 3.7652747631073 3.83789443969727 3.95833730697632 4.02335834503174 4.03564977645874 4.46433210372925 4.76308536529541 5.0023832321167 5.0023832321167
1964 01 22 00 3.6692578792572 3.66822218894958 3.67500042915344 3.69142866134644 3.70388889312744 3.94447374343872 4.06679821014404 4.07448101043701 4.49379301071167 4.79399156570435 4.98691844940186 4.98691844940186
1964 01 23 00 3.55113554000854 3.54937958717346 3.54941368103027 3.62390184402466 3.73392081260681 3.89365601539612 4.03318166732788 4.10011625289917 4.52116203308105 4.82523441314697 4.98508358001709 4.98508358001709
1964 01 24 00 3.47116899490356 3.47304844856262 3.47445583343506 3.47973418235779 3.53440713882446 3.77257299423218 3.85301113128662 4.12641525268555 4.55245971679688 4.84922647476196 4.99631834030151 4.99631834030151
1964 01 25 00 3.55118417739868 3.55139756202698 3.55146813392639 3.55161356925964 3.55268454551697 3.5564386844635 3.57183575630188 3.84724164009094 4.54936838150024 4.84884452819824 5.00306367874146 5.00306367874146
1964 01 26 00 3.51990747451782 3.52282333374023 3.52429699897766 3.5258309841156 3.52652859687805 3.52809476852417 3.53216004371643 3.56349563598633 4.38573837280273 4.80860090255737 4.99946451187134 4.99946451187134
1964 01 27 00 3.53404903411865 3.53404903411865 3.53404903411865 3.53404903411865 3.53407049179077 3.53427004814148 3.53581190109253 3.54914259910583 4.16656351089478 4.77533960342407 4.99357080459595 4.99357080459595
1964 01 28 00 3.49385046958923 3.49385046958923 3.49385046958923 3.49385046958923 3.49385046958923 3.49385046958923 3.49386501312256 3.49549651145935 3.59410119056702 4.40191888809204 4.95785427093506 4.95785427093506
1964 01 29 00 3.36826586723328 3.36828923225403 3.36840295791626 3.36836242675781 3.36830592155457 3.36840558052063 3.3690173625946 3.37116956710815 3.38190126419067 3.6768114566803 4.72553968429565 4.72553968429565
1964 01 30 00 3.2374222278595 3.23728442192078 3.26023006439209 3.26734709739685 3.28437304496765 3.30714440345764 3.31281137466431 3.32014417648315 3.35025262832642 3.45540904998779 4.48111772537231 4.48111772537231
1964 01 31 00 3.02840375900269 3.02787733078003 3.13786149024963 3.25085973739624 3.27450776100159 3.29652738571167 3.31166338920593 3.33389163017273 3.36029934883118 3.54433012008667 4.4614839553833 4.4614839553833
1964 02 01 00 3.14230895042419 3.14230895042419 3.14277720451355 3.14461612701416 3.1625292301178 3.17051815986633 3.17751121520996 3.19532346725464 3.25214862823486 3.77613425254822 4.474365234375 4.474365234375
1964 02 02 00 3.06359767913818 3.06450486183167 3.0644371509552 3.06418037414551 3.06393384933472 3.06402015686035 3.06488513946533 3.06923913955688 3.11011481285095 3.76070809364319 4.44526243209839 4.44526243209839
1964 02 03 00 2.85721874237061 2.85870933532715 2.85834503173828 2.85891914367676 2.86175203323364 2.86327791213989 2.86493897438049 2.87289190292358 3.14708232879639 3.80484771728516 4.39553499221802 4.39553499221802
1964 02 04 00 2.5580313205719 2.55866003036499 2.56066346168518 2.59792923927307 2.65460610389709 2.73163557052612 2.74780511856079 2.74780511856079 3.03449892997742 3.78987956047058 4.22439384460449 4.22439384460449
1964 02 05 00 2.35058927536011 2.35101556777954 2.35066533088684 2.35380887985229 2.38569331169128 2.51529049873352 2.65740466117859 2.68156433105469 3.07041454315186 3.65619111061096 3.8985915184021 3.8985915184021
1964 02 06 00 2.1783139705658 2.17884874343872 2.17307090759277 2.18441200256348 2.21075129508972 2.31727576255798 2.47610330581665 2.59416532516479 3.10529255867004 3.44535446166992 3.59106492996216 3.59106492996216
1964 02 07 00 2.20960879325867 2.20837664604187 2.20616340637207 2.20377206802368 2.20951151847839 2.25982332229614 2.37392473220825 2.6239652633667 3.14743161201477 3.25326633453369 3.43776774406433 3.43776774406433
1964 02 08 00 2.28272104263306 2.28260588645935 2.28125643730164 2.27955532073975 2.27810096740723 2.29156112670898 2.31409215927124 2.53039240837097 3.05755138397217 3.15949892997742 3.41134119033813 3.41134119033813
1964 02 09 00 2.3075122833252 2.3059139251709 2.30449604988098 2.30266547203064 2.29964971542358 2.28852510452271 2.30212497711182 2.55403661727905 3.01769375801086 3.15224409103394 3.37781620025635 3.37781620025635
1964 02 10 00 2.43444204330444 2.43259787559509 2.43025088310242 2.42747116088867 2.42303490638733 2.40056800842285 2.32286143302917 2.49294185638428 2.93894624710083 3.14284205436707 3.33864855766296 3.33864855766296
1964 02 11 00 2.49226474761963 2.48850011825562 2.47986960411072 2.46915316581726 2.46423530578613 2.46092486381531 2.39346432685852 2.51772499084473 2.89248967170715 3.06356644630432 3.28431105613708 3.28431105613708
1964 02 12 00 2.44688558578491 2.44688558578491 2.44682598114014 2.44631624221802 2.44586277008057 2.44693565368652 2.42640423774719 2.59490251541138 2.86611533164978 2.99139475822449 3.21799516677856 3.21799516677856
1964 02 13 00 2.377445936203 2.377445936203 2.37735819816589 2.37715363502502 2.37696146965027 2.38057351112366 2.46720910072327 2.6607346534729 2.83566665649414 2.9569525718689 3.15117645263672 3.15117645263672
1964 02 14 00 2.31349658966064 2.31355595588684 2.31322693824768 2.31280541419983 2.31267237663269 2.31649208068848 2.52116823196411 2.70280265808105 2.80754733085632 2.92598390579224 3.09345507621765 3.09345507621765
1964 02 15 00 2.21639251708984 2.21639609336853 2.21628189086914 2.21598696708679 2.21560025215149 2.22389268875122 2.48314261436462 2.64086580276489 2.7365550994873 2.86870312690735 3.01450252532959 3.01450252532959
1964 02 16 00 2.0646436214447 2.0646436214447 2.06458926200867 2.06352353096008 2.06397676467896 2.08374977111816 2.3619544506073 2.47267937660217 2.6382429599762 2.79712224006653 2.9144184589386 2.9144184589386
1964 02 17 00 2.02854013442993 2.02603697776794 2.02110624313354 2.01470804214478 2.01044321060181 2.13314318656921 2.33146595954895 2.38854432106018 2.54352355003357 2.73747396469116 2.82747530937195 2.82747530937195
1964 02 18 00 2.07547855377197 2.07401418685913 2.07163023948669 2.06899976730347 2.06805086135864 2.20383524894714 2.30961799621582 2.3566358089447 2.50936198234558 2.72525382041931 2.76334261894226 2.76334261894226
1964 02 19 00 2.10385632514954 2.10316109657288 2.10052299499512 2.09937262535095 2.14191794395447 2.23844957351685 2.35264658927917 2.43334889411926 2.54906678199768 2.72933530807495 2.7449517250061 2.7449517250061
1964 02 20 00 2.04982256889343 2.05017471313477 2.05189061164856 2.10020589828491 2.25473642349243 2.29302883148193 2.42812180519104 2.52292156219482 2.60208940505981 2.72012424468994 2.7453351020813 2.7453351020813
1964 02 21 00 2.04379439353943 2.04455542564392 2.04648733139038 2.07838988304138 2.29458498954773 2.38180375099182 2.50614547729492 2.63466238975525 2.69852256774902 2.6962616443634 2.73785996437073 2.73785996437073
1964 02 22 00 2.09811353683472 2.09718012809753 2.0956974029541 2.12601113319397 2.31720304489136 2.34175157546997 2.4102942943573 2.60297775268555 2.72122097015381 2.69820952415466 2.73037242889404 2.73037242889404
1964 02 23 00 1.99856114387512 2.0002977848053 2.00165271759033 2.0058708190918 2.07330179214478 2.31465625762939 2.45515370368958 2.65916848182678 2.79284000396729 2.74046564102173 2.73049807548523 2.73049807548523
1964 02 24 00 1.98818337917328 1.98838770389557 1.98888528347015 1.9907728433609 1.99916553497314 2.14594054222107 2.48671555519104 2.71478915214539 2.83293747901917 2.76245594024658 2.73351502418518 2.73351502418518
1964 02 25 00 2.06769847869873 2.06773090362549 2.06714081764221 2.06616163253784 2.06421995162964 2.0625331401825 2.34126329421997 2.69931173324585 2.87050771713257 2.78943109512329 2.74115324020386 2.74115324020386
1964 02 26 00 2.04147362709045 2.04025983810425 2.03787350654602 2.03532075881958 2.03355574607849 2.03629994392395 2.31799602508545 2.70369935035706 2.86715483665466 2.78238677978516 2.74710559844971 2.74710559844971
1964 02 27 00 2.02634954452515 2.02896189689636 2.02892255783081 2.02234506607056 1.99473536014557 2.04212689399719 2.46252846717834 2.79163789749146 2.86407375335693 2.76134467124939 2.75138401985168 2.75138401985168
1964 02 28 00 2.06901788711548 2.06868147850037 2.09037184715271 2.08789467811584 2.06007432937622 2.20733046531677 2.58636665344238 2.75948476791382 2.76211857795715 2.73700904846191 2.75167489051819 2.75167489051819
1964 02 29 00 2.06901788711548 2.06868147850037 2.09037184715271 2.08789467811584 2.06007432937622 2.20733046531677 2.58636665344238 2.75948476791382 2.76211857795715 2.73700904846191 2.75167489051819 2.75167489051819
1964 03 01 00 2.08421635627747 2.08505630493164 2.08570170402527 2.08693814277649 2.09182572364807 2.20813250541687 2.70417094230652 2.83367896080017 2.84503531455994 2.75560832023621 2.75545215606689 2.75545215606689
1964 03 02 00 2.19515085220337 2.19515085220337 2.1951744556427 2.19596457481384 2.19870209693909 2.24690246582031 2.74763679504395 2.85042333602905 2.91328930854797 2.79400277137756 2.75912475585938 2.75912475585938
1964 03 03 00 2.25639605522156 2.25639605522156 2.25639605522156 2.25639605522156 2.25705027580261 2.26711463928223 2.54574823379517 2.75639200210571 2.93010592460632 2.84645342826843 2.77292418479919 2.77292418479919
1964 03 04 00 2.28780961036682 2.28780102729797 2.28768229484558 2.28750109672546 2.28721904754639 2.28621745109558 2.43494248390198 2.72255611419678 2.97744917869568 2.92036604881287 2.80229663848877 2.80229663848877
1964 03 05 00 2.3857741355896 2.3843195438385 2.38125395774841 2.37452578544617 2.35602951049805 2.28355264663696 2.34141945838928 2.65609097480774 2.8874728679657 2.8904287815094 2.81152868270874 2.81152868270874
1964 03 06 00 2.40445876121521 2.40445876121521 2.40445876121521 2.40378570556641 2.39262175559998 2.29145884513855 2.41296744346619 2.68058967590332 2.82515263557434 2.83763551712036 2.81025862693787 2.81025862693787
1964 03 07 00 2.48711752891541 2.48711752891541 2.48711752891541 2.48711752891541 2.48574447631836 2.40891814231873 2.51128530502319 2.7375180721283 2.85033082962036 2.81923675537109 2.81446743011475 2.81446743011475
1964 03 08 00 2.64704465866089 2.64704465866089 2.64704465866089 2.64704465866089 2.64602780342102 2.57441926002502 2.64127397537231 2.83694243431091 2.94558358192444 2.8344943523407 2.82656979560852 2.82656979560852
1964 03 09 00 2.96770000457764 2.93959665298462 2.88200092315674 2.83763742446899 2.77789330482483 2.67335343360901 2.67750883102417 2.85046410560608 2.92996764183044 2.83826947212219 2.83847641944885 2.83847641944885
1964 03 10 00 3.07195734977722 3.07097101211548 3.06142997741699 3.01153182983398 2.86975693702698 2.71536993980408 2.69275951385498 2.80265784263611 2.81637144088745 2.81090688705444 2.84059882164001 2.84059882164001
1964 03 11 00 3.14729976654053 3.14257383346558 3.135493516922 3.11946678161621 3.04452157020569 2.8537974357605 2.78542065620422 2.81047606468201 2.7790801525116 2.7876832485199 2.84029173851013 2.84029173851013
1964 03 12 00 3.22360682487488 3.22036790847778 3.2130389213562 3.19275522232056 3.08893251419067 2.9593460559845 2.85647916793823 2.83516669273376 2.75509190559387 2.77578067779541 2.83780574798584 2.83780574798584
1964 03 13 00 3.2073814868927 3.2065441608429 3.20464491844177 3.20251560211182 3.13568091392517 3.04551196098328 2.95039796829224 2.89653086662292 2.79403233528137 2.76765394210815 2.82490372657776 2.82490372657776
1964 03 14 00 3.14166474342346 3.14123225212097 3.13984417915344 3.13809323310852 3.12004780769348 3.08215594291687 3.02644324302673 2.96191048622131 2.83567070960999 2.76375436782837 2.80176162719727 2.80176162719727
1964 03 15 00 3.15991139411926 3.15831637382507 3.15626454353333 3.15354299545288 3.14736223220825 3.10973310470581 3.07390856742859 3.06440019607544 2.90143251419067 2.77902674674988 2.78305864334106 2.78305864334106
1964 03 16 00 3.27952170372009 3.27576470375061 3.27233457565308 3.26852035522461 3.26325273513794 3.24353265762329 3.1817946434021 3.16212010383606 2.98778963088989 2.78656435012817 2.77913451194763 2.77913451194763
1964 03 17 00 3.3710515499115 3.36762380599976 3.36468648910522 3.3616635799408 3.35831332206726 3.35490441322327 3.34787702560425 3.31957674026489 3.03097343444824 2.81062412261963 2.78346276283264 2.78346276283264
1964 03 18 00 3.58866381645203 3.56683039665222 3.44466686248779 3.43225312232971 3.42911815643311 3.42741274833679 3.41108655929565 3.29927921295166 2.99104976654053 2.82233786582947 2.77526831626892 2.77526831626892
1964 03 19 00 3.84998631477356 3.82901430130005 3.58844614028931 3.54217886924744 3.53967952728271 3.53593182563782 3.52960324287415 3.36649775505066 3.03855347633362 2.83924150466919 2.78782725334167 2.78782725334167
1964 03 20 00 4.10574340820312 4.09687232971191 3.84553861618042 3.6645941734314 3.64251494407654 3.62827372550964 3.62684345245361 3.40585279464722 3.05933022499084 2.85532593727112 2.81093096733093 2.81093096733093
1964 03 21 00 4.07213973999023 4.06892871856689 4.06396961212158 3.98935317993164 3.82573914527893 3.7586977481842 3.74604249000549 3.51806974411011 3.12084865570068 2.88487768173218 2.83312010765076 2.83312010765076
1964 03 22 00 3.94037532806396 3.92057657241821 3.90665435791016 3.89795637130737 3.88829278945923 3.8867564201355 3.88429117202759 3.81181216239929 3.30783247947693 3.01627707481384 2.90118408203125 2.90118408203125
1964 03 23 00 4.03861618041992 4.03817653656006 4.03777551651001 4.03845453262329 4.0372953414917 4.03449869155884 4.0292181968689 3.96917390823364 3.51668691635132 3.06603860855103 2.97549390792847 2.97549390792847
1964 03 24 00 4.19183731079102 4.18597269058228 4.16662073135376 4.18261051177979 4.1878719329834 4.18566513061523 4.1598162651062 4.04817295074463 3.54839730262756 3.12903952598572 3.06701350212097 3.06701350212097
1964 03 25 00 4.29467058181763 4.28843021392822 4.29588985443115 4.2939395904541 4.29073238372803 4.28800392150879 4.2780647277832 4.16134071350098 3.6006007194519 3.24495100975037 3.1971275806427 3.1971275806427
1964 03 26 00 4.42302846908569 4.42179870605469 4.4197678565979 4.41537714004517 4.37156009674072 4.32870721817017 4.29221057891846 4.12217092514038 3.58784055709839 3.37138628959656 3.3108069896698 3.3108069896698
1964 03 27 00 4.53767251968384 4.52521514892578 4.4854998588562 4.45607089996338 4.46535205841064 4.44094562530518 4.37300729751587 4.13281631469727 3.64710450172424 3.495445728302 3.38675379753113 3.38675379753113
1964 03 28 00 4.67994022369385 4.67485284805298 4.6560525894165 4.57965230941772 4.47862386703491 4.44565534591675 4.36716842651367 4.06429624557495 3.67055344581604 3.59432554244995 3.46049237251282 3.46049237251282
1964 03 29 00 4.78902053833008 4.78750467300415 4.78444957733154 4.76653289794922 4.58110618591309 4.39705228805542 4.25155162811279 3.94537377357483 3.69422817230225 3.66894459724426 3.51254630088806 3.51254630088806
1964 03 30 00 4.66830110549927 4.66743040084839 4.66539001464844 4.66098308563232 4.62927389144897 4.32708597183228 4.08116483688354 3.83897256851196 3.70351958274841 3.66828298568726 3.52095413208008 3.52095413208008
1964 03 31 00 4.51148891448975 4.51236867904663 4.51160860061646 4.5116662979126 4.50522470474243 4.38232898712158 4.12509441375732 3.89675569534302 3.75672054290771 3.65011429786682 3.53899145126343 3.53899145126343
1964 04 01 00 4.47043418884277 4.46940946578979 4.46743154525757 4.46672391891479 4.43819999694824 4.31793832778931 4.11223697662354 3.90176033973694 3.72694635391235 3.61861515045166 3.55351519584656 3.55351519584656
1964 04 02 00 4.30587530136108 4.305419921875 4.30447435379028 4.30743408203125 4.36509847640991 4.34768199920654 4.24078607559204 4.0536413192749 3.78060603141785 3.60548877716064 3.5589234828949 3.5589234828949
1964 04 03 00 4.40815925598145 4.4046950340271 4.39888858795166 4.38728761672974 4.38523054122925 4.3743143081665 4.29320859909058 4.10436153411865 3.82818055152893 3.62317848205566 3.59400773048401 3.59400773048401
1964 04 04 00 4.49927139282227 4.49702930450439 4.4925708770752 4.48759126663208 4.4696192741394 4.41932106018066 4.32746934890747 4.12496757507324 3.84930658340454 3.64806294441223 3.63308429718018 3.63308429718018
1964 04 05 00 4.57017183303833 4.56298875808716 4.54994297027588 4.51839160919189 4.50079727172852 4.47414636611938 4.38398408889771 4.14593315124512 3.8224823474884 3.68476867675781 3.66925263404846 3.66925263404846
1964 04 06 00 4.71357011795044 4.70542573928833 4.69102907180786 4.65624523162842 4.61187076568604 4.56423234939575 4.48962259292603 4.21710395812988 3.86628174781799 3.73782014846802 3.7127947807312 3.7127947807312
1964 04 07 00 4.75396966934204 4.75343704223633 4.75247478485107 4.7509560585022 4.74840688705444 4.73626089096069 4.59229040145874 4.15388059616089 3.8867814540863 3.79203748703003 3.75782465934753 3.75782465934753
1964 04 08 00 4.97468185424805 4.95379447937012 4.92143535614014 4.86475324630737 4.8340859413147 4.8054723739624 4.51654291152954 4.13997936248779 3.93417525291443 3.83490490913391 3.79655361175537 3.79655361175537
1964 04 09 00 5.18334341049194 5.17796421051025 5.16831493377686 4.967857837677 4.87053537368774 4.7783260345459 4.459801197052 4.13380098342896 3.98438477516174 3.87939429283142 3.83927869796753 3.83927869796753
1964 04 10 00 5.51891469955444 5.43873023986816 5.30092859268188 5.06683540344238 4.88341665267944 4.70283794403076 4.35910892486572 4.11795997619629 4.01526880264282 3.91617798805237 3.88333678245544 3.88333678245544
1964 04 11 00 5.65397548675537 5.63078212738037 5.59042263031006 5.42288398742676 4.71774673461914 4.50769233703613 4.23283672332764 4.10180425643921 4.03161478042603 3.95353388786316 3.9310519695282 3.9310519695282
1964 04 12 00 5.54063606262207 5.53105497360229 5.49497413635254 5.19390344619751 4.76311588287354 4.69963836669922 4.35374736785889 4.20106506347656 4.10336923599243 4.00681924819946 3.97462606430054 3.97462606430054
1964 04 13 00 5.58569669723511 5.58135414123535 5.57128572463989 5.5046272277832 5.0610933303833 4.98232412338257 4.66506910324097 4.34540843963623 4.18091773986816 4.06141042709351 4.01666164398193 4.01666164398193
1964 04 14 00 5.64363241195679 5.64046430587769 5.63688707351685 5.61755847930908 5.34973478317261 5.11881875991821 4.76165390014648 4.39448833465576 4.22123050689697 4.09005880355835 4.05187273025513 4.05187273025513
1964 04 15 00 5.96781015396118 5.95396661758423 5.93399906158447 5.86462783813477 5.42923069000244 5.32083654403687 4.97711896896362 4.4963207244873 4.324134349823 4.23128747940063 4.085373878479 4.085373878479
1964 04 16 00 6.17030239105225 6.162353515625 6.15023040771484 6.1279878616333 6.0023946762085 5.5027027130127 5.00741386413574 4.52811479568481 4.38116931915283 4.32107830047607 4.15088844299316 4.15088844299316
1964 04 17 00 6.32627058029175 6.31917476654053 6.30829906463623 6.29352140426636 6.22340059280396 5.48416614532471 4.99074268341064 4.55109930038452 4.40062236785889 4.32753658294678 4.28499412536621 4.28499412536621
1964 04 18 00 6.54501628875732 6.53203105926514 6.51012516021729 6.47454929351807 6.31057643890381 5.71337032318115 4.95153045654297 4.52117586135864 4.3518328666687 4.29544162750244 4.30358505249023 4.30358505249023
1964 04 19 00 6.94221496582031 6.89721632003784 6.68956470489502 6.60046195983887 6.22640371322632 5.54122638702393 4.89310693740845 4.52585744857788 4.34463262557983 4.29549169540405 4.32106876373291 4.32106876373291
1964 04 20 00 7.22492408752441 7.18782520294189 7.1054573059082 6.84548902511597 6.27268934249878 5.60695934295654 4.98107671737671 4.57425594329834 4.35224008560181 4.30725240707397 4.34389352798462 4.34389352798462
1964 04 21 00 7.51149654388428 7.48463726043701 7.44197225570679 7.31022644042969 6.44282054901123 5.72998189926147 5.12370729446411 4.64528369903564 4.38036680221558 4.32868671417236 4.43131589889526 4.43131589889526
1964 04 22 00 7.89011287689209 7.70274591445923 7.54876375198364 7.48715448379517 6.97775840759277 6.02671432495117 5.34603261947632 4.81235885620117 4.45406436920166 4.36558723449707 4.6077823638916 4.6077823638916
1964 04 23 00 8.04641628265381 8.0208101272583 7.94594860076904 7.81814002990723 7.00301218032837 6.18026924133301 5.45743274688721 4.89010334014893 4.50570058822632 4.40434551239014 4.64417886734009 4.64417886734009
1964 04 24 00 8.15353488922119 8.14348125457764 8.12616157531738 8.05283546447754 7.12048435211182 6.20256519317627 5.49713706970215 4.94195175170898 4.56188631057739 4.43454504013062 4.66674518585205 4.66674518585205
1964 04 25 00 8.26679229736328 8.25335025787354 8.22623634338379 7.98524761199951 6.93631076812744 6.01613473892212 5.39509057998657 4.93571901321411 4.62008428573608 4.46201181411743 4.68426179885864 4.68426179885864
1964 04 26 00 8.51438140869141 8.48520088195801 8.3318510055542 7.69184589385986 6.61702823638916 5.80018138885498 5.29112148284912 4.93237018585205 4.69197559356689 4.49551582336426 4.69913721084595 4.69913721084595
1964 04 27 00 8.45287227630615 8.44186210632324 8.4062671661377 7.88929033279419 6.73568296432495 5.84430122375488 5.31558084487915 4.96216297149658 4.75724220275879 4.53949880599976 4.69344186782837 4.69344186782837
1964 04 28 00 8.30464172363281 8.29538536071777 8.27886009216309 8.24345970153809 7.79401063919067 6.48351860046387 5.61129760742188 5.03428506851196 4.70473384857178 4.56674194335938 4.69277715682983 4.69277715682983
1964 04 29 00 8.54003143310547 8.50850200653076 8.38001441955566 8.33152866363525 8.29957485198975 7.34367609024048 6.18940496444702 5.32119274139404 4.77707242965698 4.58891677856445 4.71344804763794 4.71344804763794
1964 04 30 00 8.56290245056152 8.55742263793945 8.54747104644775 8.53083419799805 8.48332595825195 7.56636571884155 6.27926063537598 5.39458513259888 4.86048650741577 4.62282657623291 4.71747446060181 4.71747446060181
1964 05 01 00 8.67960834503174 8.65463829040527 8.58354568481445 8.5573616027832 8.40518093109131 7.30017375946045 6.01119184494019 5.23452711105347 4.84572839736938 4.65174245834351 4.83835887908936 4.83835887908936
1964 05 02 00 8.87824630737305 8.73742198944092 8.64843940734863 8.62021636962891 8.38223266601562 7.01923751831055 5.87969207763672 5.18593835830688 4.86336469650269 4.68101024627686 4.8788104057312 4.8788104057312
1964 05 03 00 9.05412864685059 9.03743648529053 8.99364280700684 8.94198703765869 8.52400588989258 7.37282276153564 6.17708683013916 5.36007022857666 4.96270036697388 4.71266174316406 4.8945484161377 4.8945484161377
1964 05 04 00 9.54541873931885 9.51410484313965 9.46927452087402 9.21303653717041 8.46691417694092 7.30901908874512 6.15115261077881 5.32491445541382 4.88561201095581 4.74773597717285 4.90599012374878 4.90599012374878
1964 05 05 00 9.70761871337891 9.69667148590088 9.68264579772949 9.64963245391846 9.42163753509521 8.13623046875 6.94598627090454 5.79054737091064 5.02621412277222 4.76740789413452 4.89322471618652 4.89322471618652
1964 05 06 00 9.65463638305664 9.64329814910889 9.62753486633301 9.60176944732666 9.52529811859131 8.34881591796875 6.74049711227417 5.71404504776001 5.08317422866821 4.80862998962402 4.88984441757202 4.88984441757202
1964 05 07 00 9.48824882507324 9.48711681365967 9.48337364196777 9.47478199005127 9.42395877838135 8.05093860626221 6.53442621231079 5.7016396522522 5.20614147186279 4.90584993362427 5.01799583435059 5.01799583435059
1964 05 08 00 9.69165229797363 9.58342361450195 9.46079921722412 9.38557815551758 9.33143997192383 8.57573318481445 7.04885387420654 5.93509292602539 5.35561084747314 5.00399732589722 5.06551885604858 5.06551885604858
1964 05 09 00 9.53605461120605 9.53152179718018 9.52403926849365 9.50899219512939 9.43603134155273 8.22056484222412 6.91335201263428 5.94382476806641 5.45000839233398 5.03970766067505 5.06837797164917 5.06837797164917
1964 05 10 00 9.15766143798828 9.15260410308838 9.14477348327637 9.13032054901123 9.0624885559082 7.79361057281494 7.44346237182617 6.42563056945801 5.5760498046875 5.08054971694946 5.06555080413818 5.06555080413818
1964 05 11 00 9.43662929534912 9.41199970245361 9.37034511566162 9.2887134552002 9.24650478363037 8.80929660797119 8.15470790863037 7.37133359909058 6.34524011611938 5.42598628997803 5.10637712478638 5.10637712478638
1964 05 12 00 9.77474880218506 9.7283821105957 9.68068218231201 9.57784271240234 9.54800510406494 9.3302116394043 8.40025043487549 7.40782642364502 6.47065019607544 5.61373329162598 5.15381669998169 5.15381669998169
1964 05 13 00 9.58836078643799 9.58753299713135 9.58560943603516 9.58202171325684 9.57541275024414 9.55364036560059 8.92027473449707 7.30293035507202 6.21359777450562 5.52019119262695 5.1707010269165 5.1707010269165
1964 05 14 00 9.62342071533203 9.61398124694824 9.59753227233887 9.56461238861084 9.52016067504883 9.50142288208008 9.45808792114258 8.37150573730469 6.7937159538269 5.72921752929688 5.22011852264404 5.22011852264404
1964 05 15 00 10.1346654891968 10.0516958236694 9.85443782806396 9.70781803131104 9.58830547332764 9.49195098876953 9.30643844604492 8.49520587921143 6.94082355499268 5.80256605148315 5.25666666030884 5.25666666030884
1964 05 16 00 10.268835067749 10.2610034942627 10.2427263259888 10.0347709655762 9.83922958374023 9.76236629486084 9.33609580993652 8.2477331161499 6.56420755386353 5.59560823440552 5.26840829849243 5.26840829849243
1964 05 17 00 10.2278337478638 10.2245998382568 10.2197647094727 10.2133407592773 10.2042579650879 10.1847410202026 9.90521907806396 8.20255184173584 6.33051586151123 5.42324209213257 5.27793264389038 5.27793264389038
1964 05 18 00 10.4947357177734 10.4873123168945 10.4774446487427 10.4667587280273 10.4090757369995 10.385157585144 10.3481140136719 9.20847034454346 7.08227586746216 5.57058954238892 5.31001043319702 5.31001043319702
1964 05 19 00 10.5837211608887 10.5799169540405 10.5794630050659 10.5786228179932 10.5771322250366 10.5730037689209 10.4507236480713 9.16661548614502 7.09334421157837 5.61575031280518 5.34307384490967 5.34307384490967
1964 05 20 00 10.6512355804443 10.6489953994751 10.6487216949463 10.6481151580811 10.6465501785278 10.6319875717163 10.4665088653564 8.89435386657715 7.0854959487915 5.70009899139404 5.37269830703735 5.37269830703735
1964 05 21 00 10.7430858612061 10.7380933761597 10.7252941131592 10.6744842529297 10.643666267395 10.6256198883057 10.236837387085 8.32322597503662 6.67928695678711 5.62759065628052 5.39635610580444 5.39635610580444
1964 05 22 00 10.8855571746826 10.8674507141113 10.8641414642334 10.8246765136719 10.7665452957153 10.6376657485962 9.7283878326416 8.04591274261475 6.60104036331177 5.58826208114624 5.42090463638306 5.42090463638306
1964 05 23 00 11.3912811279297 11.3304328918457 11.1972637176514 11.0763092041016 10.9627208709717 10.6365966796875 9.64579486846924 8.09858512878418 6.64734172821045 5.53201150894165 5.45362710952759 5.45362710952759
1964 05 24 00 12.2172985076904 11.9525079727173 11.5875778198242 11.3237724304199 11.1455488204956 10.8907051086426 10.1354808807373 8.6023998260498 6.65697717666626 5.50866985321045 5.50016117095947 5.50016117095947
1964 05 25 00 12.430079460144 12.4243059158325 12.1204471588135 11.5803442001343 11.3369131088257 11.1784076690674 10.6328210830688 9.0295877456665 6.58523559570312 5.54577445983887 5.53228902816772 5.53228902816772
1964 05 26 00 12.2200660705566 12.219220161438 12.2153062820435 12.0566167831421 11.542163848877 11.2811717987061 10.8031349182129 9.09004497528076 6.4177680015564 5.56923675537109 5.55895566940308 5.55895566940308
1964 05 27 00 12.2665634155273 12.2622528076172 12.2537984848022 12.2376050949097 11.9593343734741 11.5201578140259 10.9705123901367 9.39113330841064 6.74970960617065 5.64878749847412 5.60196781158447 5.60196781158447
1964 05 28 00 12.2821474075317 12.2817964553833 12.2800626754761 12.2773141860962 12.2389621734619 11.9067916870117 11.1110124588013 9.75083827972412 7.30499315261841 5.78237962722778 5.65466642379761 5.65466642379761
1964 05 29 00 12.2214488983154 12.2162179946899 12.2109708786011 12.196946144104 12.1873731613159 11.8827257156372 10.7235507965088 9.26713275909424 7.37826442718506 5.94199657440186 5.70339345932007 5.70339345932007
1964 05 30 00 12.2575330734253 12.2564840316772 12.2550001144409 12.2409009933472 12.2174348831177 11.6158742904663 10.3118896484375 8.78763103485107 7.13293552398682 5.9807710647583 5.75531625747681 5.75531625747681
1964 05 31 00 12.1854553222656 12.1853342056274 12.1853408813477 12.184832572937 12.1815452575684 10.8459806442261 9.56730461120605 8.26359558105469 7.0192985534668 6.00714254379272 5.80201435089111 5.80201435089111
1964 06 01 00 12.3701877593994 12.3451871871948 12.3011627197266 12.2508563995361 12.0093965530396 10.4653806686401 9.46665859222412 8.40370941162109 7.40752506256104 6.30362701416016 5.87174987792969 5.87174987792969
1964 06 02 00 12.3246946334839 12.3213195800781 12.3148860931396 12.2931756973267 12.1655330657959 10.6200523376465 9.41043567657471 8.48003196716309 7.70886850357056 6.70124816894531 5.96586513519287 5.96586513519287
1964 06 03 00 12.1961231231689 12.1958904266357 12.1955404281616 12.1913080215454 12.1351518630981 10.4569797515869 9.35283470153809 8.331223487854 7.67161703109741 7.10608291625977 6.14478969573975 6.14478969573975
1964 06 04 00 12.8587760925293 12.7933292388916 12.6086568832397 12.4363555908203 12.3811140060425 11.4937448501587 9.80369281768799 8.52486610412598 7.81349945068359 7.37177133560181 6.39927339553833 6.39927339553833
1964 06 05 00 13.5109720230103 13.4863586425781 13.3458652496338 12.8140907287598 12.5056838989258 11.7859306335449 10.0818357467651 8.615478515625 7.8384838104248 7.24977159500122 6.46649408340454 6.46649408340454
1964 06 06 00 13.6330699920654 13.622838973999 13.6163988113403 13.5671873092651 12.5401258468628 11.2851781845093 9.70162963867188 8.38845729827881 7.59492063522339 6.91023969650269 6.48996543884277 6.48996543884277
1964 06 07 00 13.7858428955078 13.7847690582275 13.7822208404541 13.7578992843628 12.6290655136108 10.7661838531494 9.26210880279541 8.17283821105957 7.45847940444946 6.79039716720581 6.5264105796814 6.5264105796814
1964 06 08 00 14.1234731674194 14.1056642532349 14.0753908157349 13.9191360473633 13.1317977905273 11.2545490264893 9.54216861724854 8.37944507598877 7.60693073272705 6.83172607421875 6.57441282272339 6.57441282272339
1964 06 09 00 14.5017852783203 14.4845123291016 14.4475059509277 14.3429098129272 13.9014434814453 12.6254482269287 10.6972999572754 8.95268440246582 7.7048282623291 6.78911352157593 6.61386585235596 6.61386585235596
1964 06 10 00 14.726466178894 14.7017831802368 14.6610918045044 14.5933713912964 14.5375385284424 13.9340953826904 12.2833833694458 9.7425365447998 7.73782730102539 6.79412031173706 6.66544532775879 6.66544532775879
1964 06 11 00 15.3471755981445 15.1686191558838 14.8921098709106 14.8044271469116 14.7990989685059 14.3063268661499 12.8730974197388 9.98818874359131 7.77760410308838 6.88564491271973 6.74622297286987 6.74622297286987
1964 06 12 00 16.1219902038574 16.032995223999 15.4765119552612 14.9554214477539 14.8758707046509 14.5370044708252 13.4036102294922 10.4545011520386 7.99681711196899 6.99301433563232 6.84554290771484 6.84554290771484
1964 06 13 00 16.551778793335 16.5035228729248 16.2447738647461 15.1625242233276 14.8715019226074 14.5602312088013 13.5580339431763 10.8019971847534 8.23532485961914 7.10381698608398 6.95636224746704 6.95636224746704
1964 06 14 00 16.1450595855713 16.126651763916 16.0804214477539 15.7582244873047 14.7226095199585 14.0675659179688 12.7952404022217 10.6450166702271 8.47864246368408 7.2250657081604 7.0660195350647 7.0660195350647
1964 06 15 00 15.6525745391846 15.6442861557007 15.6241607666016 15.5686941146851 14.9406356811523 13.9786939620972 12.8331804275513 11.347484588623 9.30638599395752 7.49424266815186 7.19255399703979 7.19255399703979
1964 06 16 00 15.5386362075806 15.5334920883179 15.5197772979736 15.4831848144531 15.0986881256104 14.1920614242554 13.2675848007202 12.0338201522827 9.93468284606934 7.73471307754517 7.29894351959229 7.29894351959229
1964 06 17 00 15.6322603225708 15.6126232147217 15.5877466201782 15.5172605514526 15.0749378204346 14.2989835739136 13.4714374542236 12.3436117172241 10.3941993713379 8.09732055664062 7.40819120407104 7.40819120407104
1964 06 18 00 15.5086240768433 15.5043592453003 15.4947452545166 15.4687194824219 14.9777097702026 14.1668386459351 13.4431886672974 12.4341812133789 10.7587471008301 8.64861965179443 7.53200101852417 7.53200101852417
1964 06 19 00 15.2009868621826 15.200496673584 15.1985025405884 15.1949701309204 15.1793775558472 14.5281314849854 13.6821804046631 12.749400138855 11.1711397171021 9.43942737579346 7.75477695465088 7.75477695465088
1964 06 20 00 15.258617401123 15.2516450881958 15.236644744873 15.210976600647 15.1899719238281 14.7828283309937 13.7359647750854 12.7265729904175 11.3203315734863 9.90755462646484 8.01527309417725 8.01527309417725
1964 06 21 00 15.5584850311279 15.5225801467896 15.394980430603 15.3592596054077 15.3165912628174 14.4837303161621 13.363697052002 12.2182731628418 11.0041217803955 9.72440624237061 8.07622909545898 8.07622909545898
1964 06 22 00 15.6043252944946 15.5978288650513 15.5633563995361 15.5236473083496 15.2846441268921 14.2820596694946 13.1705389022827 11.9391393661499 10.7362232208252 9.53991317749023 8.14690494537354 8.14690494537354
1964 06 23 00 15.5841064453125 15.57373046875 15.5563716888428 15.5190200805664 15.2768688201904 14.3105049133301 13.1733503341675 11.8547534942627 10.5680303573608 9.49239253997803 8.26294231414795 8.26294231414795
1964 06 24 00 15.3346357345581 15.3333034515381 15.3294219970703 15.3219690322876 15.2787504196167 14.3074903488159 13.019642829895 11.6279697418213 10.3291845321655 9.23517036437988 8.32922554016113 8.32922554016113
1964 06 25 00 15.3856887817383 15.3845148086548 15.3818740844727 15.3777351379395 15.2721843719482 14.4558238983154 13.0438375473022 11.6059608459473 10.3793659210205 9.36805057525635 8.42480945587158 8.42480945587158
1964 06 26 00 15.7544326782227 15.7236938476562 15.6161108016968 15.5148754119873 15.4084720611572 14.1508388519287 12.6828336715698 11.2685270309448 10.1603584289551 9.27914905548096 8.49992752075195 8.49992752075195
1964 06 27 00 16.5011787414551 16.151273727417 15.8988103866577 15.6097993850708 15.3952178955078 13.9129943847656 12.3837118148804 11.0493192672729 10.093786239624 9.25317764282227 8.56868743896484 8.56868743896484
1964 06 28 00 16.9878273010254 16.7882118225098 16.181324005127 15.7623119354248 15.4516553878784 14.0228586196899 12.3812274932861 11.0734825134277 10.1307344436646 9.2231559753418 8.61968231201172 8.61968231201172
1964 06 29 00 17.2650356292725 17.214900970459 16.4473056793213 15.9120321273804 15.5653467178345 14.3258762359619 12.6662502288818 11.2792892456055 10.1902132034302 9.1978063583374 8.66697216033936 8.66697216033936
1964 06 30 00 17.6815643310547 17.5343074798584 16.9962120056152 16.2246284484863 15.7399578094482 14.6887865066528 13.0312204360962 11.4641981124878 10.1526479721069 9.11415863037109 8.71578407287598 8.71578407287598
1964 07 01 00 18.2308349609375 18.1998329162598 17.642765045166 16.7280464172363 16.0362987518311 15.0701780319214 13.4236974716187 11.6382350921631 10.0733194351196 9.03577613830566 8.77301216125488 8.77301216125488
1964 07 02 00 18.2152919769287 18.2007713317871 18.1874961853027 17.7339687347412 16.5618896484375 15.5211687088013 13.920108795166 11.8919916152954 10.0292663574219 8.98723888397217 8.83356666564941 8.83356666564941
1964 07 03 00 18.3859939575195 18.3526153564453 18.2048435211182 17.9067859649658 16.6759719848633 15.528636932373 13.9720983505249 11.8704652786255 9.94021797180176 8.99817943572998 8.91007518768311 8.91007518768311
1964 07 04 00 19.0867958068848 18.9246883392334 18.5486831665039 17.817419052124 16.4817485809326 15.5632524490356 14.2846145629883 12.2998895645142 10.2402763366699 9.06008148193359 8.98647308349609 8.98647308349609
1964 07 05 00 20.1285037994385 19.9981269836426 19.234676361084 17.9553318023682 16.5349254608154 15.9656591415405 15.1948204040527 13.3197650909424 10.6607847213745 9.10010719299316 9.07458591461182 9.07458591461182
1964 07 06 00 20.4666423797607 20.4420738220215 20.1703548431396 18.1665992736816 16.9767932891846 16.5264472961426 15.8217248916626 13.8285665512085 10.7344045639038 9.20696830749512 9.2022180557251 9.2022180557251
1964 07 07 00 20.8535213470459 20.6899681091309 20.4005832672119 19.314905166626 17.85618019104 17.0862865447998 16.5593948364258 15.049334526062 11.7150974273682 9.3845157623291 9.29093742370605 9.29093742370605
1964 07 08 00 19.7012767791748 19.6883087158203 19.6559314727783 19.2698001861572 17.1154594421387 16.8067951202393 16.1865139007568 14.7563858032227 12.2191190719604 9.90074634552002 9.38752746582031 9.38752746582031
1964 07 09 00 17.9755668640137 17.9701156616211 17.9573230743408 17.6994495391846 17.2740020751953 17.142053604126 16.1462154388428 14.7066097259521 12.6682052612305 11.4249467849731 9.77092552185059 9.77092552185059
1964 07 10 00 17.6487560272217 17.6487693786621 17.6484756469727 17.6479206085205 17.6472282409668 17.6458187103271 17.3729705810547 15.1477031707764 12.7158613204956 11.8039312362671 10.335883140564 10.335883140564
1964 07 11 00 18.3161163330078 18.2535190582275 18.103931427002 17.9992637634277 17.9353656768799 17.7835788726807 17.0021324157715 14.7392406463623 12.6773586273193 11.719183921814 10.5172739028931 10.5172739028931
1964 07 12 00 18.6821765899658 18.6365909576416 18.486780166626 18.2708873748779 18.0673446655273 17.3558311462402 15.8414888381958 14.0295391082764 12.4336490631104 11.5804624557495 10.5594329833984 10.5594329833984
1964 07 13 00 18.4165019989014 18.4163360595703 18.4151058197021 18.4116764068604 18.3752841949463 17.0845565795898 15.5970783233643 14.0578365325928 12.5435552597046 11.6410713195801 10.6386461257935 10.6386461257935
1964 07 14 00 18.3548545837402 18.3539142608643 18.3505897521973 18.3452835083008 18.2232704162598 16.7465171813965 15.1258020401001 13.6570463180542 12.3160820007324 11.4188814163208 10.6406412124634 10.6406412124634
1964 07 15 00 18.2969646453857 18.2964458465576 18.2939929962158 18.2886829376221 17.9324474334717 16.0466537475586 14.3575658798218 12.9055471420288 11.7733812332153 11.057412147522 10.6295442581177 10.6295442581177
1964 07 16 00 18.7441291809082 18.5161151885986 18.2898349761963 18.2729301452637 18.0549488067627 15.7534551620483 13.9529695510864 12.5511999130249 11.5200576782227 10.9899492263794 10.6643161773682 10.6643161773682
1964 07 17 00 18.9254150390625 18.9109306335449 18.7202625274658 18.5507736206055 18.0130577087402 15.8667068481445 13.8285665512085 12.4843940734863 11.517897605896 10.9891319274902 10.7019720077515 10.7019720077515
1964 07 18 00 18.73046875 18.7239685058594 18.7173194885254 18.5749225616455 17.3186645507812 15.443995475769 13.7076616287231 12.4133968353271 11.5593824386597 11.0433511734009 10.7431316375732 10.7431316375732
1964 07 19 00 18.5798721313477 18.5768184661865 18.5689010620117 18.5579929351807 17.7444114685059 15.5887126922607 13.7907304763794 12.439341545105 11.5881834030151 11.1462831497192 10.7407064437866 10.7407064437866
1964 07 20 00 18.4561405181885 18.4466876983643 18.4196758270264 18.3467388153076 17.6058959960938 15.8388805389404 14.0520038604736 12.6508541107178 11.7477512359619 11.2822256088257 10.7684307098389 10.7684307098389
1964 07 21 00 18.3823509216309 18.3813323974609 18.3788051605225 18.3364334106445 17.3632717132568 15.485237121582 13.8248138427734 12.510950088501 11.6551876068115 11.4025278091431 10.8110256195068 10.8110256195068
1964 07 22 00 18.676815032959 18.5897693634033 18.3998584747314 18.2688751220703 17.0350532531738 14.9761943817139 13.4285259246826 12.2608413696289 11.5278205871582 11.3535184860229 10.9010429382324 10.9010429382324
1964 07 23 00 18.6123504638672 18.60964012146 18.6008338928223 18.4784927368164 16.603120803833 14.63303565979 13.249213218689 12.1684713363647 11.4618034362793 11.3285160064697 10.973162651062 10.973162651062
1964 07 24 00 18.6224575042725 18.5616798400879 18.4693927764893 18.411901473999 17.3691349029541 14.9503021240234 13.3700342178345 12.2456226348877 11.5038137435913 11.3324203491211 11.0487174987793 11.0487174987793
1964 07 25 00 18.315357208252 18.3130970001221 18.3076229095459 18.2989711761475 18.1718044281006 16.2855033874512 13.9531335830688 12.4418077468872 11.6004848480225 11.3364229202271 11.0815458297729 11.0815458297729
1964 07 26 00 17.494140625 17.4914035797119 17.4850463867188 17.4654769897461 16.7055778503418 15.3484506607056 14.2280569076538 12.8078775405884 11.8550624847412 11.4450550079346 11.1461687088013 11.1461687088013
1964 07 27 00 17.2448883056641 17.2445678710938 17.2419357299805 17.2373428344727 17.0946426391602 15.7319936752319 14.2455959320068 12.8932037353516 11.8930072784424 11.5719385147095 11.2931451797485 11.2931451797485
1964 07 28 00 17.0675239562988 17.065616607666 17.0612869262695 17.0445251464844 16.3371047973633 14.9341945648193 13.7703294754028 12.5267448425293 11.7374629974365 11.6128358840942 11.4570035934448 11.4570035934448
1964 07 29 00 16.65651512146 16.6554718017578 16.6516170501709 16.6375942230225 16.2073001861572 15.2006645202637 14.8757276535034 13.015230178833 11.8304462432861 11.7813987731934 11.7755928039551 11.7755928039551
1964 07 30 00 16.3158092498779 16.3155536651611 16.3139343261719 16.3101463317871 16.2998924255371 16.1515655517578 14.9111251831055 13.1801109313965 12.033576965332 12.0250558853149 12.0309972763062 12.0309972763062
1964 07 31 00 16.1173973083496 16.1173915863037 16.1170711517334 16.1162605285645 16.1118087768555 16.0913200378418 14.9399394989014 13.5468578338623 12.2979011535645 12.1682119369507 12.1106929779053 12.1106929779053
1964 08 01 00 16.4398822784424 16.3085823059082 16.0905342102051 16.0321063995361 16.0118160247803 15.8870525360107 15.0096626281738 13.9003629684448 12.5904846191406 12.2204990386963 12.1668949127197 12.1668949127197
1964 08 02 00 17.091423034668 16.8382568359375 16.3027305603027 16.1718807220459 16.116304397583 15.7456760406494 14.9112195968628 13.8829584121704 12.6879205703735 12.2293348312378 12.2136173248291 12.2136173248291
1964 08 03 00 17.5282497406006 17.491060256958 16.9809799194336 16.4132061004639 16.2239665985107 15.8750839233398 15.0420074462891 14.0250158309937 12.8192462921143 12.2486591339111 12.2448253631592 12.2448253631592
1964 08 04 00 18.1647491455078 17.9776878356934 17.2988719940186 16.5232563018799 16.2158432006836 15.7702894210815 14.9055662155151 13.8611135482788 12.6002464294434 12.2144231796265 12.2395858764648 12.2395858764648
1964 08 05 00 18.2869644165039 18.2450923919678 18.0280666351318 16.904224395752 16.2798614501953 15.7433977127075 14.9370203018188 13.8342533111572 12.4206619262695 12.1782255172729 12.2220754623413 12.2220754623413
1964 08 06 00 18.7628993988037 18.7316284179688 18.5357551574707 17.4774799346924 16.5654716491699 15.9480800628662 15.2504358291626 14.1445207595825 12.5987882614136 12.1591196060181 12.2122192382812 12.2122192382812
1964 08 07 00 19.1252880096436 19.0908546447754 18.9937496185303 17.703462600708 16.7379112243652 16.1127014160156 15.4049577713013 14.1956758499146 12.5435056686401 12.1760120391846 12.1973266601562 12.1973266601562
1964 08 08 00 19.1557769775391 19.1532745361328 19.1478595733643 18.5931129455566 17.556547164917 16.7390041351318 16.0495948791504 14.8066263198853 12.7612915039062 12.2009878158569 12.2022953033447 12.2022953033447
1964 08 09 00 19.3834896087646 19.3553867340088 19.1734886169434 19.0888786315918 18.4398593902588 17.6153316497803 16.9073390960693 15.7208652496338 13.2564525604248 12.2270460128784 12.2269268035889 12.2269268035889
1964 08 10 00 19.7825031280518 19.7527160644531 19.5790481567383 19.2156143188477 18.8965358734131 18.3308181762695 17.7185325622559 16.4568271636963 13.6407651901245 12.2560167312622 12.2564640045166 12.2564640045166
1964 08 11 00 20.0647201538086 19.9990291595459 19.8878612518311 19.5191669464111 19.1894340515137 18.680233001709 18.2001552581787 16.9979076385498 13.9300727844238 12.2838268280029 12.2836227416992 12.2836227416992
1964 08 12 00 20.3423347473145 20.3202266693115 20.1810817718506 19.8555583953857 19.469539642334 18.9349212646484 18.4716548919678 17.2441215515137 13.897705078125 12.3246212005615 12.3240795135498 12.3240795135498
1964 08 13 00 20.4713649749756 20.4577121734619 20.4098434448242 20.3278770446777 19.999568939209 19.4214363098145 18.9162445068359 17.7155933380127 14.0315084457397 12.3809566497803 12.3801193237305 12.3801193237305
1964 08 14 00 20.2749519348145 20.2725620269775 20.2687187194824 20.2635898590088 20.2595653533936 20.2202186584473 20.0276641845703 18.8000717163086 14.5867319107056 12.4687204360962 12.4638357162476 12.4638357162476
1964 08 15 00 20.2401428222656 20.2296981811523 20.2170906066895 20.1912288665771 20.1894264221191 20.1881217956543 20.1839733123779 19.1246242523193 14.3902721405029 12.6200647354126 12.606653213501 12.606653213501
1964 08 16 00 20.1966762542725 20.1936073303223 20.1882019042969 20.1821784973145 20.1784152984619 20.1765460968018 20.1722755432129 18.9671840667725 14.816424369812 12.7706604003906 12.7371120452881 12.7371120452881
1964 08 17 00 20.0351867675781 20.0352840423584 20.035099029541 20.0342330932617 20.0330944061279 20.0315837860107 20.0286159515381 20.0030422210693 15.7960433959961 12.9162359237671 12.9003686904907 12.9003686904907
1964 08 18 00 19.9883899688721 19.9829807281494 19.9750022888184 19.966609954834 19.9582042694092 19.9462471008301 19.942138671875 19.8149948120117 16.2553672790527 13.1800765991211 13.1307916641235 13.1307916641235
1964 08 19 00 20.0534610748291 20.0372219085693 20.014554977417 19.9533405303955 19.9228038787842 19.9107780456543 19.9032459259033 19.7678527832031 16.5777015686035 13.3691205978394 13.3534507751465 13.3534507751465
1964 08 20 00 20.1273078918457 20.1115055084229 19.9942474365234 19.9272861480713 19.9080867767334 19.8961906433105 19.8940010070801 19.8134899139404 17.1546859741211 13.564826965332 13.5249519348145 13.5249519348145
1964 08 21 00 20.2126560211182 20.1833686828613 20.0520362854004 19.9728088378906 19.9395313262939 19.9381198883057 19.9381484985352 19.885892868042 17.1915645599365 13.7493629455566 13.6903266906738 13.6903266906738
1964 08 22 00 20.204252243042 20.1917495727539 20.1498241424561 20.1244525909424 20.0559825897217 20.0240097045898 20.0124568939209 19.9457855224609 17.2368297576904 13.9037885665894 13.8587608337402 13.8587608337402
1964 08 23 00 20.168270111084 20.1598930358887 20.1483364105225 20.1391830444336 20.1320610046387 20.1217575073242 20.109058380127 20.084602355957 17.4692039489746 14.0651140213013 14.0562076568604 14.0562076568604
1964 08 24 00 20.0312747955322 20.0293865203857 20.0265846252441 20.0222415924072 20.0182590484619 20.0128898620605 20.0043468475342 19.9362888336182 17.6216201782227 14.2778692245483 14.2700119018555 14.2700119018555
1964 08 25 00 19.8141002655029 19.8140888214111 19.8123111724854 19.8094730377197 19.8051147460938 19.7991733551025 19.7889728546143 19.7348384857178 17.4544773101807 14.7157955169678 14.4817800521851 14.4817800521851
1964 08 26 00 19.5785694122314 19.564266204834 19.5409049987793 19.5173950195312 19.4706573486328 19.4256782531738 19.4361686706543 19.4487323760986 18.4779510498047 15.8737487792969 14.633017539978 14.633017539978
1964 08 27 00 19.4302291870117 19.4245166778564 19.4138011932373 19.4005317687988 19.3784999847412 19.3590183258057 19.3749485015869 19.3998908996582 18.8248672485352 16.6724796295166 14.8317441940308 14.8317441940308
1964 08 28 00 19.4001884460449 19.3719081878662 19.3362197875977 19.280460357666 19.2862281799316 19.2893123626709 19.3260116577148 19.3717842102051 18.6525077819824 16.7835750579834 14.968373298645 14.968373298645
1964 08 29 00 19.6754970550537 19.5117149353027 19.3545665740967 19.3240928649902 19.3173446655273 19.3204212188721 19.3327198028564 19.3073329925537 18.4971809387207 16.5607566833496 15.0922918319702 15.0922918319702
1964 08 30 00 19.9678325653076 19.8968677520752 19.5334415435791 19.3429698944092 19.3290176391602 19.344352722168 19.3668651580811 19.2234687805176 18.1323146820068 16.2975540161133 15.222261428833 15.222261428833
1964 08 31 00 19.9717388153076 19.9389781951904 19.8882808685303 19.48828125 19.3349761962891 19.3331661224365 19.3425636291504 19.1052513122559 17.9522190093994 16.1903781890869 15.3358001708984 15.3358001708984
1964 09 01 00 19.7401428222656 19.7347373962402 19.7243309020996 19.7046508789062 19.6334571838379 19.3923015594482 19.2490787506104 18.958854675293 18.0036754608154 16.401159286499 15.481650352478 15.481650352478
1964 09 02 00 19.3092460632324 19.308780670166 19.3048305511475 19.2993793487549 19.2922306060791 19.281681060791 19.230562210083 19.0317878723145 18.3823394775391 17.276668548584 15.7991037368774 15.7991037368774
1964 09 03 00 19.1615333557129 19.1611442565918 19.1384773254395 19.12819480896 19.1209163665771 19.1120204925537 19.1052417755127 19.0653953552246 18.3859424591064 17.6618251800537 16.3509998321533 16.3509998321533
1964 09 04 00 19.1630783081055 19.1630783081055 19.160816192627 19.1574192047119 19.1521739959717 19.1372203826904 19.0824699401855 18.4434623718262 17.7557144165039 17.2340793609619 16.4265727996826 16.4265727996826
1964 09 05 00 18.8582191467285 18.8578586578369 18.8526382446289 18.8458938598633 18.8360996246338 18.8173389434814 18.7154026031494 17.5933570861816 17.2625961303711 16.6488494873047 16.10422706604 16.10422706604
1964 09 06 00 17.9954566955566 17.9954566955566 17.9948768615723 17.9937133789062 17.9921188354492 17.9899253845215 17.9869422912598 17.8515110015869 17.5268898010254 16.6296672821045 16.0524406433105 16.0524406433105
1964 09 07 00 17.8219242095947 17.8225631713867 17.8224086761475 17.823486328125 17.8289489746094 17.8485221862793 17.855712890625 17.8337917327881 17.7852020263672 16.9473457336426 16.1432857513428 16.1432857513428
1964 09 08 00 17.9906158447266 17.9901542663574 17.9871788024902 17.9834041595459 17.9831600189209 17.9835395812988 17.9863758087158 17.9615421295166 17.6075210571289 16.9675788879395 16.1935501098633 16.1935501098633
1964 09 09 00 18.1975383758545 18.1963138580322 18.192066192627 18.1876125335693 18.1855201721191 18.1666584014893 18.1546020507812 18.0336208343506 17.4230556488037 16.8550910949707 16.1871490478516 16.1871490478516
1964 09 10 00 18.2699680328369 18.2710399627686 18.2705917358398 18.2708034515381 18.2774085998535 18.2744979858398 18.2647495269775 17.8350791931152 17.1174964904785 16.7539558410645 16.156177520752 16.156177520752
1964 09 11 00 18.1163501739502 18.1185684204102 18.1192607879639 18.1195755004883 18.1203060150146 18.1222152709961 18.1233749389648 17.7068958282471 17.0413093566895 16.7277908325195 16.1227130889893 16.1227130889893
1964 09 12 00 18.1273517608643 18.1213302612305 18.1101531982422 18.0983219146729 18.0606918334961 18.0372409820557 17.9570693969727 17.378776550293 16.7987785339355 16.7375736236572 16.1219882965088 16.1219882965088
1964 09 13 00 18.1201305389404 18.1176433563232 18.1134490966797 18.0900192260742 18.0878467559814 18.0415534973145 17.7415199279785 17.0579128265381 16.6381015777588 16.6381015777588 16.126184463501 16.126184463501
1964 09 14 00 18.1395645141602 18.1320743560791 18.12034034729 18.1041488647461 18.0587787628174 17.9290828704834 17.4187469482422 16.905200958252 16.504280090332 16.5043697357178 16.1206951141357 16.1206951141357
1964 09 15 00 17.9161758422852 17.9148788452148 17.9104309082031 17.9029369354248 17.8875904083252 17.8055591583252 17.025936126709 16.7583885192871 16.3528289794922 16.3525733947754 16.0861759185791 16.0861759185791
1964 09 16 00 17.7079639434814 17.7070903778076 17.7042903900146 17.6988067626953 17.6830368041992 17.4605312347412 16.8503932952881 16.5847587585449 16.1868534088135 16.1870746612549 16.0130786895752 16.0130786895752
1964 09 17 00 17.7362728118896 17.7334651947021 17.7279510498047 17.7130336761475 17.4884090423584 16.916540145874 16.720308303833 16.4106388092041 16.0951251983643 16.0951194763184 15.9631834030151 15.9631834030151
1964 09 18 00 17.5631408691406 17.5600185394287 17.5537700653076 17.4660930633545 17.01953125 16.9279537200928 16.8716621398926 16.6197185516357 16.1938381195068 16.1091403961182 15.9486618041992 15.9486618041992
1964 09 19 00 17.4474697113037 17.4424133300781 17.4289817810059 17.3773918151855 17.0585708618164 16.9441719055176 16.8763961791992 16.7509250640869 16.4464626312256 16.2846240997314 16.0125408172607 16.0125408172607
1964 09 20 00 17.0302352905273 17.0276699066162 17.0311679840088 17.1501598358154 16.9888668060303 16.8671073913574 16.8468151092529 16.8062038421631 16.6079883575439 16.4310913085938 16.1355361938477 16.1355361938477
1964 09 21 00 16.6167335510254 16.6149997711182 16.6134033203125 16.6532096862793 16.7426986694336 16.8119220733643 16.8040256500244 16.7845401763916 16.7410488128662 16.5962753295898 16.2867832183838 16.2867832183838
1964 09 22 00 16.6419982910156 16.6399173736572 16.6356258392334 16.629955291748 16.6212100982666 16.6124057769775 16.6429424285889 16.674388885498 16.6807289123535 16.6739082336426 16.357593536377 16.357593536377
1964 09 23 00 16.7320728302002 16.725772857666 16.6920795440674 16.6702117919922 16.6596069335938 16.6433773040771 16.6367321014404 16.6327896118164 16.6123142242432 16.6542873382568 16.3876838684082 16.3876838684082
1964 09 24 00 16.7017612457275 16.6981067657471 16.6935958862305 16.7157497406006 16.6904945373535 16.6427135467529 16.6211585998535 16.6132526397705 16.5948505401611 16.6441650390625 16.4277782440186 16.4277782440186
1964 09 25 00 16.6693344116211 16.6643238067627 16.6561241149902 16.6519374847412 16.6485252380371 16.6423931121826 16.6380996704102 16.5876235961914 16.5546798706055 16.6142997741699 16.443208694458 16.443208694458
1964 09 26 00 16.5951366424561 16.59446144104 16.5949802398682 16.6138534545898 16.6118049621582 16.606424331665 16.6001758575439 16.5917186737061 16.5604572296143 16.5977268218994 16.4692268371582 16.4692268371582
1964 09 27 00 16.5732460021973 16.573371887207 16.5732517242432 16.5724449157715 16.5715293884277 16.5699100494385 16.5693664550781 16.5596885681152 16.5734481811523 16.589376449585 16.4892883300781 16.4892883300781
1964 09 28 00 16.5671157836914 16.5656585693359 16.556468963623 16.5482082366943 16.5418682098389 16.5364170074463 16.5310401916504 16.5314197540283 16.5837173461914 16.5734081268311 16.4987487792969 16.4987487792969
1964 09 29 00 16.5837841033936 16.5820903778076 16.5686016082764 16.5573272705078 16.5537357330322 16.5506973266602 16.5474815368652 16.5655078887939 16.5925102233887 16.5500888824463 16.5064105987549 16.5064105987549
1964 09 30 00 16.5934276580811 16.5771408081055 16.547233581543 16.5334148406982 16.5280933380127 16.5252494812012 16.5267086029053 16.5754833221436 16.5883255004883 16.5367889404297 16.5183181762695 16.5183181762695
1964 10 01 00 16.5133075714111 16.5125160217285 16.5089626312256 16.4998035430908 16.496639251709 16.4943618774414 16.4975204467773 16.5794086456299 16.5792369842529 16.5345840454102 16.5316677093506 16.5316677093506
1964 10 02 00 16.4399070739746 16.4399070739746 16.4373931884766 16.4349040985107 16.4334774017334 16.4330425262451 16.4296569824219 16.5631923675537 16.5670318603516 16.5426044464111 16.5330772399902 16.5330772399902
1964 10 03 00 16.3742504119873 16.3731174468994 16.367395401001 16.3656349182129 16.3603000640869 16.3465480804443 16.3431873321533 16.5037670135498 16.5559329986572 16.5520362854004 16.5136966705322 16.5136966705322
1964 10 04 00 16.303674697876 16.3015594482422 16.2995052337646 16.3019142150879 16.3332176208496 16.3295269012451 16.3649520874023 16.5126838684082 16.5534038543701 16.5507869720459 16.4752101898193 16.4752101898193
1964 10 05 00 16.3198356628418 16.3151149749756 16.2916927337646 16.2789535522461 16.273609161377 16.274450302124 16.3472957611084 16.5053749084473 16.5201091766357 16.5140495300293 16.4092445373535 16.4092445373535
1964 10 06 00 16.178071975708 16.179370880127 16.1794147491455 16.1794509887695 16.1802253723145 16.1839256286621 16.2118511199951 16.3634147644043 16.4435997009277 16.4602680206299 16.2265739440918 16.2265739440918
1964 10 07 00 16.083589553833 16.0848712921143 16.084508895874 16.0840911865234 16.0846347808838 16.0907039642334 16.1292858123779 16.2562770843506 16.3438472747803 16.3758335113525 15.9635229110718 15.9635229110718
1964 10 08 00 15.922327041626 15.9229297637939 15.9214963912964 15.9203319549561 15.9224529266357 15.9711608886719 16.1550788879395 16.2002296447754 16.2221355438232 16.2221355438232 15.7924661636353 15.7924661636353
1964 10 09 00 15.7099475860596 15.710503578186 15.7087383270264 15.7077198028564 15.7139329910278 15.8637886047363 16.1142520904541 16.1217975616455 16.1073246002197 16.1063671112061 15.7179231643677 15.7179231643677
1964 10 10 00 15.3495531082153 15.3507404327393 15.349479675293 15.3478193283081 15.3478651046753 15.3537893295288 15.6608943939209 16.0598526000977 16.1136226654053 16.0941581726074 15.7239084243774 15.7239084243774
1964 10 11 00 14.967321395874 14.967321395874 14.9672918319702 14.9660425186157 14.9654350280762 14.9667301177979 14.9806299209595 15.6279258728027 16.1615695953369 16.1113624572754 15.7954864501953 15.7954864501953
1964 10 12 00 14.6762638092041 14.6764240264893 14.6774415969849 14.6768312454224 14.6769981384277 14.679986000061 14.6930904388428 14.9859046936035 16.0898208618164 16.0984382629395 15.865385055542 15.865385055542
1964 10 13 00 14.3953723907471 14.3955173492432 14.3960199356079 14.3952236175537 14.3945026397705 14.3942050933838 14.3965463638306 14.4237937927246 15.8312654495239 16.0978832244873 15.9212598800659 15.9212598800659
1964 10 14 00 14.1682281494141 14.1682281494141 14.1685514450073 14.1674528121948 14.1661891937256 14.1650333404541 14.1648263931274 14.1688022613525 15.3425636291504 16.0743579864502 15.9768810272217 15.9768810272217
1964 10 15 00 13.9725112915039 13.9725227355957 13.9734888076782 13.9733037948608 13.9731006622314 13.9734983444214 13.9756278991699 13.9821472167969 14.0753746032715 15.8683414459229 16.0147705078125 16.0147705078125
1964 10 16 00 13.8509302139282 13.853123664856 13.8545866012573 13.8552713394165 13.8557987213135 13.8557834625244 13.856276512146 13.8616695404053 14.0702877044678 15.8827047348022 16.0477542877197 16.0477542877197
1964 10 17 00 13.7510166168213 13.7540817260742 13.7553129196167 13.7550563812256 13.7536096572876 13.7501068115234 13.7505321502686 13.7696342468262 14.3500375747681 16.0420074462891 16.0846290588379 16.0846290588379
1964 10 18 00 13.6391267776489 13.6415510177612 13.6425676345825 13.6427946090698 13.6427345275879 13.6415357589722 13.6410007476807 13.6419229507446 14.1033353805542 15.9470739364624 16.1019134521484 16.1019134521484
1964 10 19 00 13.5892124176025 13.5887298583984 13.5866708755493 13.5839958190918 13.5801334381104 13.5793695449829 13.580493927002 13.5868330001831 13.848822593689 15.7367391586304 16.1085968017578 16.1085968017578
1964 10 20 00 13.5433111190796 13.5433835983276 13.5436210632324 13.5433616638184 13.543173789978 13.5433254241943 13.5447292327881 13.552209854126 13.7652063369751 15.6588516235352 16.1113128662109 16.1113128662109
1964 10 21 00 13.492579460144 13.492579460144 13.4927206039429 13.4917707443237 13.4908618927002 13.4905052185059 13.491792678833 13.5008020401001 13.7559843063354 15.6697082519531 16.1131973266602 16.1131973266602
1964 10 22 00 13.4364337921143 13.4365663528442 13.4366817474365 13.4360208511353 13.4352931976318 13.4346961975098 13.4345016479492 13.4355173110962 13.4395408630371 15.1534690856934 16.0787391662598 16.0787391662598
1964 10 23 00 13.403208732605 13.4034509658813 13.4035472869873 13.4025974273682 13.4017772674561 13.4015207290649 13.4027070999146 13.408350944519 13.4165935516357 14.4538898468018 15.896876335144 15.896876335144
1964 10 24 00 13.4244241714478 13.4248628616333 13.4248504638672 13.423789024353 13.4228687286377 13.4229507446289 13.4291515350342 13.4477663040161 13.524920463562 13.7687454223633 15.4926919937134 15.4926919937134
1964 10 25 00 13.4424285888672 13.4433965682983 13.4441547393799 13.4440727233887 13.4444332122803 13.4460697174072 13.4519872665405 13.4829931259155 13.7977876663208 13.7972784042358 15.0564670562744 15.0564670562744
1964 10 26 00 13.5078792572021 13.5080146789551 13.5080366134644 13.506721496582 13.5065021514893 13.5068235397339 13.508749961853 13.5160398483276 13.6180582046509 13.7278327941895 14.7228536605835 14.7228536605835
1964 10 27 00 13.4124402999878 13.4127044677734 13.4145317077637 13.4147253036499 13.4150190353394 13.4160461425781 13.418851852417 13.4264326095581 13.4510116577148 13.7013244628906 14.625093460083 14.625093460083
1964 10 28 00 13.2918701171875 13.2924175262451 13.2945327758789 13.294734954834 13.2950019836426 13.2958688735962 13.298168182373 13.3038635253906 13.3185882568359 13.4006910324097 14.5885953903198 14.5885953903198
1964 10 29 00 13.2009496688843 13.2021350860596 13.202036857605 13.2010812759399 13.2007617950439 13.2020025253296 13.2276878356934 13.3708534240723 13.3891353607178 13.4091396331787 14.5296144485474 14.5296144485474
1964 10 30 00 13.0760812759399 13.0767440795898 13.0763645172119 13.0754594802856 13.0753612518311 13.0800724029541 13.1864547729492 13.7585172653198 13.7755746841431 13.7755746841431 14.3878393173218 14.3878393173218
1964 10 31 00 12.8940505981445 12.8947162628174 12.8939542770386 12.8927793502808 12.8932180404663 12.9103851318359 13.3724794387817 13.9310092926025 13.9402341842651 13.9405651092529 14.1377449035645 14.1377449035645
1964 11 01 00 12.7700967788696 12.770525932312 12.7687015533447 12.7660331726074 12.7677030563354 12.8398780822754 13.6613130569458 13.8785047531128 13.8813219070435 13.8813219070435 13.8692235946655 13.8692235946655
1964 11 02 00 12.7073726654053 12.7070455551147 12.7026348114014 12.704249382019 12.7318096160889 12.8759965896606 13.471079826355 13.6589365005493 13.7448787689209 13.7502241134644 13.6768407821655 13.6768407821655
1964 11 03 00 12.6000871658325 12.6004486083984 12.5991916656494 12.5993242263794 12.6115121841431 12.9025945663452 13.2098531723022 13.3571195602417 13.5389184951782 13.6373853683472 13.558614730835 13.558614730835
1964 11 04 00 12.518141746521 12.5189266204834 12.5179061889648 12.5168266296387 12.5177612304688 12.5378904342651 13.0274868011475 13.2462673187256 13.4077043533325 13.538182258606 13.4940938949585 13.4940938949585
1964 11 05 00 12.516450881958 12.5162267684937 12.5133199691772 12.507529258728 12.5056467056274 12.5463285446167 12.9704484939575 13.1935205459595 13.3589544296265 13.4838762283325 13.4521732330322 13.4521732330322
1964 11 06 00 12.5431776046753 12.5434226989746 12.5415706634521 12.5258417129517 12.5302724838257 12.6388330459595 12.9290170669556 13.1259393692017 13.3131551742554 13.4332065582275 13.4047002792358 13.4047002792358
1964 11 07 00 12.6417684555054 12.6375198364258 12.6313314437866 12.6161623001099 12.6158761978149 12.6640615463257 12.7692499160767 12.9731292724609 13.2130479812622 13.3571901321411 13.343897819519 13.343897819519
1964 11 08 00 12.6973943710327 12.6971559524536 12.6952857971191 12.6931295394897 12.690541267395 12.6872529983521 12.6312818527222 12.8179531097412 13.0751056671143 13.2419624328613 13.2652702331543 13.2652702331543
1964 11 09 00 12.7517890930176 12.7516841888428 12.7508983612061 12.7500591278076 12.7452278137207 12.6815538406372 12.571216583252 12.7449836730957 12.9890632629395 13.1158142089844 13.1715612411499 13.1715612411499
1964 11 10 00 12.7130451202393 12.7101097106934 12.7070894241333 12.7032871246338 12.6972217559814 12.6839780807495 12.5828123092651 12.5008096694946 12.870062828064 13.0268316268921 13.0867881774902 13.0867881774902
1964 11 11 00 12.7444791793823 12.7418422698975 12.7388906478882 12.7351713180542 12.7296133041382 12.7194347381592 12.6811122894287 12.3920783996582 12.7101545333862 12.8640441894531 13.0068912506104 13.0068912506104
1964 11 12 00 12.7691373825073 12.7686805725098 12.7665977478027 12.7636613845825 12.7592086791992 12.7510967254639 12.7170324325562 12.347393989563 12.691948890686 12.7765483856201 12.9337005615234 12.9337005615234
1964 11 13 00 12.6579637527466 12.6584072113037 12.6570377349854 12.655011177063 12.6518678665161 12.6458358764648 12.604076385498 12.396918296814 12.6680288314819 12.7053651809692 12.8811750411987 12.8811750411987
1964 11 14 00 12.2912569046021 12.2924432754517 12.2908868789673 12.2886037826538 12.2855644226074 12.2818565368652 12.2756299972534 12.2199115753174 12.5975542068481 12.6519060134888 12.7965211868286 12.7965211868286
1964 11 15 00 11.9720897674561 11.9922285079956 11.9977807998657 12.0005407333374 11.9970026016235 11.984058380127 11.9693431854248 11.9702472686768 12.3097305297852 12.4734182357788 12.7093639373779 12.7093639373779
1964 11 16 00 11.8937711715698 11.8947725296021 11.8949060440063 11.8951539993286 11.8989810943604 11.8896436691284 11.9444370269775 12.1339502334595 12.416823387146 12.4257173538208 12.6459484100342 12.6459484100342
1964 11 17 00 11.8371105194092 11.8365526199341 11.8348827362061 11.8310708999634 11.805552482605 11.792163848877 11.8736591339111 12.0592279434204 12.3688888549805 12.3688888549805 12.500864982605 12.500864982605
1964 11 18 00 11.8122110366821 11.8113288879395 11.8092088699341 11.8060598373413 11.8002996444702 11.7788047790527 11.7502956390381 11.8977727890015 12.1700258255005 12.1946840286255 12.3376197814941 12.3376197814941
1964 11 19 00 11.738112449646 11.7374420166016 11.7352027893066 11.732250213623 11.7282962799072 11.7190847396851 11.6447076797485 11.6808824539185 11.8325967788696 11.8632259368896 12.1493721008301 12.1493721008301
1964 11 20 00 11.5227251052856 11.5271453857422 11.5259256362915 11.5232830047607 11.5204372406006 11.5120058059692 11.4609756469727 11.4850454330444 11.5908069610596 11.6028509140015 11.7976703643799 11.7976703643799
1964 11 21 00 11.3816871643066 11.3808517456055 11.3774442672729 11.3742246627808 11.3772764205933 11.4114255905151 11.406044960022 11.4502048492432 11.5291337966919 11.5350875854492 11.557653427124 11.557653427124
1964 11 22 00 11.0563716888428 11.0555734634399 11.0529727935791 11.0575847625732 11.1622524261475 11.3591709136963 11.3911685943604 11.3951396942139 11.4598989486694 11.5032997131348 11.5114269256592 11.5114269256592
1964 11 23 00 10.7020139694214 10.7010459899902 10.7009220123291 10.7402925491333 11.3309001922607 11.4073781967163 11.3681173324585 11.3373718261719 11.4053077697754 11.4879083633423 11.5112209320068 11.5112209320068
1964 11 24 00 10.5296802520752 10.5282955169678 10.5279302597046 10.5683183670044 11.2317323684692 11.2180128097534 10.9306421279907 10.872368812561 11.2691040039062 11.4201946258545 11.4709577560425 11.4709577560425
1964 11 25 00 10.3177194595337 10.3158187866211 10.3140153884888 10.3396615982056 10.7075071334839 10.6016817092896 10.407187461853 10.6319236755371 11.2711553573608 11.3394365310669 11.3898344039917 11.3898344039917
1964 11 26 00 10.1280183792114 10.1253185272217 10.1224222183228 10.1450929641724 10.3277711868286 10.2602472305298 10.2492160797119 10.4167451858521 11.0663356781006 11.250129699707 11.3455848693848 11.3455848693848
1964 11 27 00 9.84054470062256 9.83823776245117 9.83584690093994 9.85721588134766 10.1648721694946 10.1015348434448 10.0540170669556 10.0931758880615 10.9338998794556 11.1207571029663 11.3026437759399 11.3026437759399
1964 11 28 00 9.53429889678955 9.53272914886475 9.53287792205811 9.5991268157959 9.90023231506348 9.68924808502197 9.68045139312744 9.94387817382812 10.9644651412964 11.0014114379883 11.2118530273438 11.2118530273438
1964 11 29 00 9.41173458099365 9.41038036346436 9.40875339508057 9.41755104064941 9.66779041290283 9.40151119232178 9.35457324981689 9.7070140838623 10.7761211395264 10.8360433578491 11.0212535858154 11.0212535858154
1964 11 30 00 9.26242065429688 9.26006507873535 9.2564811706543 9.25925731658936 9.28235244750977 9.12456226348877 9.11407279968262 9.25434684753418 10.1704730987549 10.6022005081177 10.846118927002 10.846118927002
1964 12 01 00 9.01230525970459 9.01071071624756 9.00807189941406 9.01633167266846 9.1297664642334 9.05891513824463 9.01852226257324 9.01732540130615 9.53231143951416 10.0470600128174 10.6019067764282 10.6019067764282
1964 12 02 00 9.11364936828613 9.11317539215088 9.11293888092041 9.0858850479126 9.04443359375 9.01736259460449 9.00638961791992 9.01413917541504 9.51742553710938 9.78259754180908 10.3829126358032 10.3829126358032
1964 12 03 00 9.32260608673096 9.31957244873047 9.2904634475708 9.06386089324951 9.04742050170898 9.04742431640625 9.04460144042969 9.0552225112915 9.54096984863281 9.72772789001465 10.2043714523315 10.2043714523315
1964 12 04 00 9.37259101867676 9.36879444122314 9.36949634552002 9.14887523651123 9.08159446716309 9.08417701721191 9.08454132080078 9.24602127075195 9.53581142425537 9.62904167175293 10.038990020752 10.038990020752
1964 12 05 00 9.14803886413574 9.14716625213623 9.14412307739258 9.13261890411377 9.1034688949585 9.08847236633301 9.07899284362793 9.18562793731689 9.39958190917969 9.42489147186279 9.75248336791992 9.75248336791992
1964 12 06 00 8.92655658721924 8.92633247375488 8.92509460449219 8.92352390289307 8.92179393768311 8.91997146606445 8.9194450378418 8.96951961517334 9.12584018707275 9.14814472198486 9.12833023071289 9.12833023071289
1964 12 07 00 8.81199645996094 8.81153774261475 8.80902194976807 8.80652332305908 8.79982566833496 8.79569149017334 8.80019760131836 8.8413667678833 8.92519855499268 8.95318794250488 8.88617038726807 8.88617038726807
1964 12 08 00 8.86543273925781 8.86227226257324 8.84860324859619 8.78816986083984 8.76095104217529 8.75378894805908 8.7508659362793 8.76591968536377 8.77860164642334 8.85341644287109 8.83136940002441 8.83136940002441
1964 12 09 00 8.76942157745361 8.76532363891602 8.78513717651367 8.73401832580566 8.72959136962891 8.73003673553467 8.72997760772705 8.7607250213623 8.79236125946045 8.80992317199707 8.81042766571045 8.81042766571045
1964 12 10 00 8.5328426361084 8.52962303161621 8.53266620635986 8.68264579772949 8.6442289352417 8.63373851776123 8.63072299957275 8.67727756500244 8.78145503997803 8.7852668762207 8.79593372344971 8.79593372344971
1964 12 11 00 8.40909862518311 8.40809917449951 8.40637874603271 8.41885089874268 8.47646045684814 8.39744472503662 8.39187145233154 8.42300224304199 8.72008228302002 8.68624019622803 8.74485206604004 8.74485206604004
1964 12 12 00 8.24672794342041 8.24547958374023 8.24309158325195 8.24434661865234 8.29350662231445 8.20018768310547 8.18876075744629 8.1863489151001 8.4914722442627 8.62797069549561 8.68948078155518 8.68948078155518
1964 12 13 00 8.07755088806152 8.0763692855835 8.07400226593018 8.08079242706299 8.15067005157471 8.13530826568604 8.12535190582275 8.12454032897949 8.28700733184814 8.45914554595947 8.65528392791748 8.65528392791748
1964 12 14 00 7.8116340637207 7.80934762954712 7.80550575256348 7.8088231086731 7.98597240447998 8.04912185668945 8.03190612792969 8.02832221984863 8.1751651763916 8.3372802734375 8.6005687713623 8.6005687713623
1964 12 15 00 7.75873184204102 7.75837278366089 7.75717973709106 7.75774955749512 7.80633640289307 7.91968202590942 7.92483615875244 7.9241681098938 8.14036273956299 8.27718353271484 8.57259750366211 8.57259750366211
1964 12 16 00 7.76371192932129 7.76298999786377 7.76107263565063 7.75887060165405 7.75707054138184 7.79367399215698 7.86331558227539 7.92030477523804 8.20071697235107 8.2421932220459 8.54921436309814 8.54921436309814
1964 12 17 00 7.84660911560059 7.84344387054443 7.83948993682861 7.82718801498413 7.76776885986328 7.76731061935425 7.84713268280029 8.03443813323975 8.31689643859863 8.31689643859863 8.53444766998291 8.53444766998291
1964 12 18 00 7.91552686691284 7.91198968887329 7.90666913986206 7.88500785827637 7.76855230331421 7.78218698501587 7.89052152633667 8.07915306091309 8.35778903961182 8.36104869842529 8.52452850341797 8.52452850341797
1964 12 19 00 7.98183441162109 7.97888946533203 7.97432661056519 7.960289478302 7.81935405731201 7.81389474868774 7.84463453292847 8.04764270782471 8.34694766998291 8.37191677093506 8.51982688903809 8.51982688903809
1964 12 20 00 8.05491924285889 8.05246257781982 8.04869937896729 8.04129791259766 7.97442865371704 7.85640668869019 7.85291290283203 8.04148578643799 8.30384635925293 8.36260795593262 8.520263671875 8.520263671875
1964 12 21 00 8.08314514160156 8.0811882019043 8.07868480682373 8.07533836364746 8.06998157501221 8.04393482208252 8.00912475585938 8.09059906005859 8.32581233978271 8.33494758605957 8.50572776794434 8.50572776794434
1964 12 22 00 8.05294990539551 8.05131721496582 8.04958152770996 8.04779815673828 8.0458812713623 8.0437479019165 8.04131603240967 8.04085350036621 8.20371246337891 8.29181385040283 8.44193935394287 8.44193935394287
1964 12 23 00 8.10978984832764 8.1084566116333 8.10694599151611 8.10529232025146 8.10347461700439 8.10129737854004 8.09834957122803 8.09281635284424 8.10897541046143 8.2133207321167 8.36124515533447 8.36124515533447
1964 12 24 00 8.03054428100586 8.03145408630371 8.03094387054443 8.03006362915039 8.02905941009521 8.02801895141602 8.02708435058594 8.02661514282227 8.02928638458252 8.08383560180664 8.29850196838379 8.29850196838379
1964 12 25 00 7.92483568191528 7.92629384994507 7.92589139938354 7.92489862442017 7.92362785339355 7.92218637466431 7.92067003250122 7.91913461685181 7.91759443283081 7.91340208053589 8.20753288269043 8.20753288269043
1964 12 26 00 7.86858749389648 7.8666934967041 7.86633586883545 7.86608123779297 7.86585378646851 7.86563158035278 7.86542844772339 7.86473083496094 7.86352157592773 7.86160039901733 8.11152744293213 8.11152744293213
1964 12 27 00 7.86853981018066 7.86822938919067 7.86793518066406 7.86769819259644 7.86741161346436 7.86696481704712 7.86672019958496 7.86703586578369 7.87542629241943 7.87529182434082 8.07363700866699 8.07363700866699
1964 12 28 00 7.72508192062378 7.72560739517212 7.72530126571655 7.72689914703369 7.72925233840942 7.73450946807861 7.7501916885376 7.79203224182129 7.87470722198486 7.88753509521484 8.05171203613281 8.05171203613281
1964 12 29 00 7.60409641265869 7.60651302337646 7.60643529891968 7.60579109191895 7.60470294952393 7.60375690460205 7.60422277450562 7.62224864959717 7.69589424133301 7.82420539855957 8.0298433303833 8.0298433303833
1964 12 30 00 7.44355487823486 7.4457573890686 7.44688558578491 7.44653415679932 7.44540357589722 7.4437952041626 7.44256448745728 7.44224262237549 7.44360971450806 7.46010160446167 7.98338317871094 7.98338317871094
1964 12 31 00 7.13020420074463 7.13101291656494 7.13230133056641 7.13253545761108 7.131911277771 7.13129997253418 7.13132858276367 7.13426971435547 7.14472246170044 7.16323280334473 7.87353849411011 7.87353849411011
