1964 01 01 0 0.00091613526456058
1964 01 02 0 0.00160494644660503
1964 01 03 0 0.00140151276718825
1964 01 04 0 0.00383067037910223
1964 01 05 0 0.0011908293236047
1964 01 06 0 0.00168788980226964
1964 01 07 0 0.00100272498093545
1964 01 08 0 0.00100780942011625
1964 01 09 0 0.00406290171667933
1964 01 10 0 0.00788810383528471
1964 01 11 0 0.0136566162109375
1964 01 12 0 0.00325196306221187
1964 01 13 0 0.00221962132491171
1964 01 14 0 0.00214631878770888
1964 01 15 0 0.00345301232300699
1964 01 16 0 0.0028806037735194
1964 01 17 0 0.00100453465711325
1964 01 18 0 0.00102285540197045
1964 01 19 0 0.000875648751389235
1964 01 20 0 0.000225761395995505
1964 01 21 0 0.000436818081652746
1964 01 22 0 0.00062532362062484
1964 01 23 0 0.000813076854683459
1964 01 24 0 0.00040312361670658
1964 01 25 0 0.00116602354682982
1964 01 26 0 0.000480761111248285
1964 01 27 0 0.00104974932037294
1964 01 28 0 0.000834492268040776
1964 01 29 0 0.000698926334735006
1964 01 30 0 0.000258147018030286
1964 01 31 0 0.000436997361248359
1964 02 01 0 0.00040300574619323
1964 02 02 0 0.000206301134312525
1964 02 03 0 0.000195628919755109
1964 02 04 0 0.000298101222142577
1964 02 05 0 0.000278268213151023
1964 02 06 0 0.000119644631922711
1964 02 07 0 0.00142278627026826
1964 02 08 0 0.0019656412769109
1964 02 09 0 0.000977015472017229
1964 02 10 0 0.000650540576316416
1964 02 11 0 0.000240902925725095
1964 02 12 0 0.000216405242099427
1964 02 13 0 0.000515469058882445
1964 02 14 0 0.000468469661427662
1964 02 15 0 0.000285892863757908
1964 02 16 0 0.00031737532117404
1964 02 17 0 0.00050269509665668
1964 02 18 0 0.000996632035821676
1964 02 19 0 0.000460385053884238
1964 02 20 0 0.000625812914222479
1964 02 21 0 0.000586333684623241
1964 02 22 0 0.000454416585853323
1964 02 23 0 0.000573642959352583
1964 02 24 0 0.00062322523444891
1964 02 25 0 0.000469635502668098
1964 02 26 0 0.000337628909619525
1964 02 27 0 0.000741770141758025
1964 02 28 0 0.000691389432176948
1964 02 29 0 0.000691389432176948
1964 03 01 0 0.000453795248176903
1964 03 02 0 0.000835892918985337
1964 03 03 0 0.000634159485343844
1964 03 04 0 0.00027194555150345
1964 03 05 0 0.00023101428814698
1964 03 06 0 0.000236335181398317
1964 03 07 0 0.000710717344190925
1964 03 08 0 0.00107558630406857
1964 03 09 0 0.000504698837175965
1964 03 10 0 0.00104351411573589
1964 03 11 0 0.000554095895495266
1964 03 12 0 0.000598892162088305
1964 03 13 0 0.000733610009774566
1964 03 14 0 0.00108213245403022
1964 03 15 0 0.00142621237318963
1964 03 16 0 0.00114074221346527
1964 03 17 0 0.00166350021027029
1964 03 18 0 0.00173092784825712
1964 03 19 0 0.00213563907891512
1964 03 20 0 0.00157162174582481
1964 03 21 0 0.00298571400344372
1964 03 22 0 0.00297827017493546
1964 03 23 0 0.000789474870543927
1964 03 24 0 0.00181975716259331
1964 03 25 0 0.000886849651578814
1964 03 26 0 0.0006859649438411
1964 03 27 0 0.000295414007268846
1964 03 28 0 0.000541236368007958
1964 03 29 0 0.00050222099525854
1964 03 30 0 0.00465954560786486
1964 03 31 0 0.000559256761334836
1964 04 01 0 0.00560795981436968
1964 04 02 0 0.00363044580444694
1964 04 03 0 0.00248869857750833
1964 04 04 0 0.00221528415568173
1964 04 05 0 0.00205741566605866
1964 04 06 0 0.00149089645128697
1964 04 07 0 0.00122199964243919
1964 04 08 0 0.000656582415103912
1964 04 09 0 0.000757275731302798
1964 04 10 0 0.000496650754939765
1964 04 11 0 0.000411179789807647
1964 04 12 0 0.000644576328340918
1964 04 13 0 0.000895847799256444
1964 04 14 0 0.000722344440873712
1964 04 15 0 0.000475275854114443
1964 04 16 0 0.000172755069797859
1964 04 17 0 0.000241458910750225
1964 04 18 0 0.000403586804168299
1964 04 19 0 0.000385838851798326
1964 04 20 0 0.000410787557484582
1964 04 21 0 0.00044328867807053
1964 04 22 0 0.000461983610875905
1964 04 23 0 0.000562399160116911
1964 04 24 0 0.000789350597187877
1964 04 25 0 0.000302494649076834
1964 04 26 0 0.000151122148963623
1964 04 27 0 0.000189179641893134
1964 04 28 0 0.000255326653132215
1964 04 29 0 0.0001782782637747
1964 04 30 0 0.000406647159252316
1964 05 01 0 0.00015094259288162
1964 05 02 0 0.000258359388681129
1964 05 03 0 0.000139414463774301
1964 05 04 0 0.000136521164677106
1964 05 05 0 0.000301967054838315
1964 05 06 0 0.000176062749233097
1964 05 07 0 0.000203896765015088
1964 05 08 0 0.000358424294972792
1964 05 09 0 0.000452147563919425
1964 05 10 0 0.000745334953535348
1964 05 11 0 0.000232607708312571
1964 05 12 0 0.000210512982448563
1964 05 13 0 0.000360104953870177
1964 05 14 0 0.000180962291778997
1964 05 15 0 0.000207041375688277
1964 05 16 0 0.000260397791862488
1964 05 17 0 0.000204187090275809
1964 05 18 0 0.000367460335837677
1964 05 19 0 0.000608971400652081
1964 05 20 0 0.00051736319437623
1964 05 21 0 0.000260106025962159
1964 05 22 0 0.000198184017790481
1964 05 23 0 0.0009127261582762
1964 05 24 0 0.000517561915330589
1964 05 25 0 0.000226074931561016
1964 05 26 0 0.000183495169039816
1964 05 27 0 0.000282587454421446
1964 05 28 0 0.000380635057808831
1964 05 29 0 0.000383173057343811
1964 05 30 0 0.000217353881453164
1964 05 31 0 0.0007416678708978
1964 06 01 0 0.000566796632483602
1964 06 02 0 0.000684054975863546
1964 06 03 0 0.000814203638583422
1964 06 04 0 0.000435082853073254
1964 06 05 0 0.000491145823616534
1964 06 06 0 0.000573869561776519
1964 06 07 0 0.000435160269262269
1964 06 08 0 0.000150933643453754
1964 06 09 0 0.000178344431333244
1964 06 10 0 0.000350262620486319
1964 06 11 0 0.000426004728069529
1964 06 12 0 0.000245302595430985
1964 06 13 0 0.000181688970769756
1964 06 14 0 0.000290992262307554
1964 06 15 0 0.00029671230004169
1964 06 16 0 0.000335934077156708
1964 06 17 0 0.000248574477154762
1964 06 18 0 0.000461841031210497
1964 06 19 0 0.000257881620200351
1964 06 20 0 0.000265968090388924
1964 06 21 0 0.000338175799697638
1964 06 22 0 0.000386967090889812
1964 06 23 0 0.000298857514280826
1964 06 24 0 0.000226980249863118
1964 06 25 0 0.000403028592700139
1964 06 26 0 0.000216598447877914
1964 06 27 0 0.000180050919880159
1964 06 28 0 0.000125501901493408
1964 06 29 0 8.85514382389374e-05
1964 06 30 0 0.000131220862385817
1964 07 01 0 0.000112286055809818
1964 07 02 0 0.000101077217550483
1964 07 03 0 0.00027143451734446
1964 07 04 0 0.000325650471495464
1964 07 05 0 0.000140527845360339
1964 07 06 0 0.000216640182770789
1964 07 07 0 0.000314574426738545
1964 07 08 0 0.000462549302028492
1964 07 09 0 0.00318487593904138
1964 07 10 0 0.00166334281675518
1964 07 11 0 0.000563764944672585
1964 07 12 0 0.000887130561750382
1964 07 13 0 0.000645766267552972
1964 07 14 0 0.000415871298173442
1964 07 15 0 0.000681197561789304
1964 07 16 0 0.000284287933027372
1964 07 17 0 0.000436231784988195
1964 07 18 0 0.000371182337403297
1964 07 19 0 0.00048071940545924
1964 07 20 0 0.000493426225148141
1964 07 21 0 0.000351469992892817
1964 07 22 0 0.000287755276076496
1964 07 23 0 0.000202330571482889
1964 07 24 0 0.000222517672227696
1964 07 25 0 0.00108511617872864
1964 07 26 0 0.0019079998601228
1964 07 27 0 0.000829575001262128
1964 07 28 0 0.000851234479341656
1964 07 29 0 0.000988685642369092
1964 07 30 0 0.000541782472282648
1964 07 31 0 0.000515367370098829
1964 08 01 0 0.000376504991436377
1964 08 02 0 0.000384981482056901
1964 08 03 0 0.000333972973749042
1964 08 04 0 0.000416642258642241
1964 08 05 0 0.000407395098591223
1964 08 06 0 0.0004796348803211
1964 08 07 0 0.00065862579504028
1964 08 08 0 0.000658218166790903
1964 08 09 0 0.000424318481236696
1964 08 10 0 0.00014809840649832
1964 08 11 0 6.09708695264999e-05
1964 08 12 0 6.73142931191251e-05
1964 08 13 0 4.48413811682258e-05
1964 08 14 0 0.00259250751696527
1964 08 15 0 0.00232787965796888
1964 08 16 0 0.0064568780362606
1964 08 17 0 0.0152364643290639
1964 08 18 0 0.00558451749384403
1964 08 19 0 0.00365369417704642
1964 08 20 0 0.000235591185628437
1964 08 21 0 0.000140730786370113
1964 08 22 0 0.000292196520604193
1964 08 23 0 0.000366856576874852
1964 08 24 0 0.000367425760487095
1964 08 25 0 0.000424212776124477
1964 08 26 0 0.000165092205861583
1964 08 27 0 0.000361647253157571
1964 08 28 0 0.000497713917866349
1964 08 29 0 0.000532820704393089
1964 08 30 0 0.000285891495877877
1964 08 31 0 0.00128824193961918
1964 09 01 0 0.00192110240459442
1964 09 02 0 0.00258853402920067
1964 09 03 0 0.00156485661864281
1964 09 04 0 0.00095060229068622
1964 09 05 0 0.00133323215413839
1964 09 06 0 0.00392846157774329
1964 09 07 0 0.000535685627255589
1964 09 08 0 0.000951641995925456
1964 09 09 0 0.00101068231742829
1964 09 10 0 0.0012886036420241
1964 09 11 0 0.00069440167862922
1964 09 12 0 0.000322805863106623
1964 09 13 0 0.000285237532807514
1964 09 14 0 0.000383546896046028
1964 09 15 0 0.000630564347375184
1964 09 16 0 0.000329432165017352
1964 09 17 0 0.000618672929704189
1964 09 18 0 0.000927789486013353
1964 09 19 0 0.00138570240233094
1964 09 20 0 0.00120228517334908
1964 09 21 0 0.000286758673610166
1964 09 22 0 0.000344692612998188
1964 09 23 0 0.000249125878326595
1964 09 24 0 0.00066045019775629
1964 09 25 0 0.000640328973531723
1964 09 26 0 0.000269108277279884
1964 09 27 0 0.000629632500931621
1964 09 28 0 0.00143014779314399
1964 09 29 0 0.00123566959518939
1964 09 30 0 0.000566736212931573
1964 10 01 0 0.000437018985394388
1964 10 02 0 0.00105431780684739
1964 10 03 0 0.00104748038575053
1964 10 04 0 0.000684445956721902
1964 10 05 0 0.00160831783432513
1964 10 06 0 0.0040665240958333
1964 10 07 0 0.0113071072846651
1964 10 08 0 0.00135420216247439
1964 10 09 0 0.000647055276203901
1964 10 10 0 0.000727150239981711
1964 10 11 0 0.000480992515804246
1964 10 12 0 0.000208185039809905
1964 10 13 0 0.000262294110143557
1964 10 14 0 0.000545352580957115
1964 10 15 0 0.00539092905819416
1964 10 16 0 0.00153195625171065
1964 10 17 0 0.000530214863829315
1964 10 18 0 0.000609250855632126
1964 10 19 0 0.000685791717842221
1964 10 20 0 0.000375631265342236
1964 10 21 0 0.000361957936547697
1964 10 22 0 0.000274323509074748
1964 10 23 0 0.000636675045825541
1964 10 24 0 0.00137148005887866
1964 10 25 0 0.00246487255208194
1964 10 26 0 0.0027446502353996
1964 10 27 0 0.00278955884277821
1964 10 28 0 0.00227295933291316
1964 10 29 0 0.00105944415554404
1964 10 30 0 0.00042548164492473
1964 10 31 0 0.000332756084389985
1964 11 01 0 0.000428540079155937
1964 11 02 0 0.000979113392531872
1964 11 03 0 0.000921919418033212
1964 11 04 0 0.000589658971875906
1964 11 05 0 0.000162368130986579
1964 11 06 0 0.000280211330391467
1964 11 07 0 0.00031998599297367
1964 11 08 0 0.000964234815910459
1964 11 09 0 0.00117069308180362
1964 11 10 0 0.00100389530416578
1964 11 11 0 0.00178596726618707
1964 11 12 0 0.00234295474365354
1964 11 13 0 0.00349948136135936
1964 11 14 0 0.00577126629650593
1964 11 15 0 0.00257913209497929
1964 11 16 0 0.0027206230442971
1964 11 17 0 0.002101682825014
1964 11 18 0 0.00267755193635821
1964 11 19 0 0.00714309792965651
1964 11 20 0 0.00151304062455893
1964 11 21 0 0.00104142725467682
1964 11 22 0 0.00053947843844071
1964 11 23 0 0.00200829189270735
1964 11 24 0 0.00168439547996968
1964 11 25 0 0.00141821778379381
1964 11 26 0 0.000699945550877601
1964 11 27 0 0.000389202585211024
1964 11 28 0 0.00101539539173245
1964 11 29 0 0.00290114292874932
1964 11 30 0 0.0017604436725378
1964 12 01 0 0.00146999256685376
1964 12 02 0 0.00314033101312816
1964 12 03 0 0.00255077378824353
1964 12 04 0 0.00293731386773288
1964 12 05 0 0.00548646319657564
1964 12 06 0 0.00262885680422187
1964 12 07 0 0.000994858448393643
1964 12 08 0 0.00211755186319351
1964 12 09 0 0.00125833810307086
1964 12 10 0 0.00127596000675112
1964 12 11 0 0.000561968714464456
1964 12 12 0 0.000748218677472323
1964 12 13 0 0.000525306444615126
1964 12 14 0 0.000359807774657384
1964 12 15 0 0.000653602473903447
1964 12 16 0 0.000409213040256873
1964 12 17 0 0.000720922776963562
1964 12 18 0 0.00143287505488843
1964 12 19 0 0.00188346474897116
1964 12 20 0 0.00085099512943998
1964 12 21 0 0.000560836459044367
1964 12 22 0 0.00160695821978152
1964 12 23 0 0.000690678716637194
1964 12 24 0 0.000630521099083126
1964 12 25 0 0.000722183904144913
1964 12 26 0 0.000730328261852264
1964 12 27 0 0.00115832663141191
1964 12 28 0 0.000702363264281303
1964 12 29 0 0.000773787614889443
1964 12 30 0 0.00123677332885563
1964 12 31 0 0.00138531182892621
