1964 01 01 00 4.49710893630981 4.49418354034424 4.4928617477417 4.49674367904663 4.56731653213501 4.81000566482544 5.09633731842041 5.32053756713867 5.90213441848755 6.36093091964722 6.58520698547363 6.63962745666504
1964 01 02 00 4.60479974746704 4.60465621948242 4.60462474822998 4.60497665405273 4.55218982696533 4.55098676681519 4.70362520217896 4.75517654418945 5.2689790725708 5.95040512084961 6.56359338760376 6.65813446044922
1964 01 03 00 4.75391006469727 4.75439882278442 4.75423765182495 4.75379848480225 4.75246667861938 4.69273471832275 4.62251853942871 4.6885027885437 5.03892040252686 5.71375751495361 6.35432147979736 6.61420869827271
1964 01 04 00 4.75547504425049 4.75598859786987 4.75547218322754 4.75441789627075 4.7526330947876 4.74964046478271 4.72781372070312 4.64077854156494 4.52864170074463 5.01548194885254 5.91183233261108 6.49878787994385
1964 01 05 00 4.6849160194397 4.68659782409668 4.68768739700317 4.68887090682983 4.69041776657104 4.69275903701782 4.69576263427734 4.65917778015137 4.63485860824585 4.82303857803345 5.49744844436646 6.49431276321411
1964 01 06 00 4.82376766204834 4.8249568939209 4.82874774932861 4.89943647384644 4.98027372360229 4.99385833740234 5.00573062896729 4.99999809265137 4.98223304748535 5.03063058853149 5.34453010559082 6.24137783050537
1964 01 07 00 4.52942037582397 4.52962636947632 4.53651428222656 4.90893459320068 5.19101762771606 5.19973707199097 5.21318387985229 5.22194385528564 5.23041534423828 5.27902030944824 5.46761798858643 5.99883604049683
1964 01 08 00 4.32635498046875 4.32723093032837 4.330885887146 4.44018030166626 4.87457942962646 5.08449792861938 5.1183180809021 5.16222238540649 5.21380710601807 5.32280445098877 5.52262163162231 5.90192890167236
1964 01 09 00 4.38418626785278 4.38537120819092 4.38636922836304 4.38922119140625 4.44445848464966 4.59942483901978 4.76503753662109 4.88612127304077 4.98924589157104 5.13701343536377 5.41145324707031 5.76470708847046
1964 01 10 00 4.55871200561523 4.55808162689209 4.55781507492065 4.55758762359619 4.55774354934692 4.56063222885132 4.5910530090332 4.64496994018555 4.77730798721313 5.02515649795532 5.41987752914429 5.66565608978271
1964 01 11 00 4.64613580703735 4.64613580703735 4.64613580703735 4.64613580703735 4.64613580703735 4.64613580703735 4.64613580703735 4.64614534378052 4.64623546600342 4.64677429199219 4.73311233520508 5.13335752487183
1964 01 12 00 4.68315362930298 4.68414974212646 4.68469953536987 4.68513011932373 4.68554544448853 4.68600797653198 4.68658399581909 4.68737936019897 4.68862628936768 4.69109487533569 4.70215511322021 5.18949460983276
1964 01 13 00 4.70834827423096 4.71073627471924 4.71251630783081 4.71418952941895 4.71561861038208 4.71713542938232 4.71935987472534 4.7234787940979 4.73148775100708 4.74385833740234 4.81028079986572 5.15149211883545
1964 01 14 00 4.67339658737183 4.67515993118286 4.67573642730713 4.67602205276489 4.67629480361938 4.67674493789673 4.6776270866394 4.67948579788208 4.68362426757812 4.69296646118164 4.75321006774902 5.01457500457764
1964 01 15 00 4.53751945495605 4.53916883468628 4.53994464874268 4.54056072235107 4.54124784469604 4.54229497909546 4.54544687271118 4.57843255996704 4.67312860488892 4.71769189834595 4.75167655944824 4.77831125259399
1964 01 16 00 4.46797609329224 4.46879482269287 4.46860408782959 4.46813869476318 4.46756601333618 4.46765041351318 4.47430038452148 4.55216264724731 4.59253025054932 4.61408376693726 4.6617603302002 4.67237186431885
1964 01 17 00 4.44123506546021 4.44258069992065 4.44217586517334 4.4414644241333 4.44105577468872 4.44196557998657 4.45079517364502 4.53916597366333 4.5733847618103 4.57860708236694 4.60675382614136 4.64435005187988
1964 01 18 00 4.28809690475464 4.29077434539795 4.29141807556152 4.29158210754395 4.29173946380615 4.29247999191284 4.29534959793091 4.33041620254517 4.39209127426147 4.50012063980103 4.5927586555481 4.63285207748413
1964 01 19 00 3.98230957984924 3.9845118522644 3.98956203460693 4.05780410766602 4.11964130401611 4.14468431472778 4.15331029891968 4.15506792068481 4.16276931762695 4.26104974746704 4.53619956970215 4.63610744476318
1964 01 20 00 3.50634622573853 3.5050368309021 3.50607323646545 3.69494986534119 3.94268989562988 4.08690452575684 4.10179615020752 4.12961483001709 4.26781320571899 4.47711086273193 4.61783218383789 4.63753032684326
1964 01 21 00 3.42399311065674 3.42325210571289 3.4310257434845 3.47268581390381 3.82647967338562 4.02869176864624 4.13210725784302 4.20450782775879 4.34212875366211 4.49247121810913 4.602370262146 4.63594007492065
1964 01 22 00 3.23561716079712 3.23248553276062 3.34924125671387 3.46594858169556 3.80192708969116 4.05344295501709 4.24436521530151 4.35134744644165 4.39861440658569 4.46035194396973 4.5506706237793 4.62608242034912
1964 01 23 00 3.2715699672699 3.27658796310425 3.3115336894989 3.47257995605469 3.87808465957642 4.14044523239136 4.29404592514038 4.36322069168091 4.34974670410156 4.37240600585938 4.47051525115967 4.5860071182251
1964 01 24 00 3.57279109954834 3.57211852073669 3.57115960121155 3.60531115531921 3.73518967628479 4.16723871231079 4.41290330886841 4.47545623779297 4.44480752944946 4.38448238372803 4.40801382064819 4.49779033660889
1964 01 25 00 4.075599193573 4.07246351242065 4.06738328933716 3.9680027961731 3.86094617843628 4.03006744384766 4.29760646820068 4.46271944046021 4.46560668945312 4.40691804885864 4.44216871261597 4.46086835861206
1964 01 26 00 3.77163410186768 3.77270793914795 3.79224419593811 3.8659782409668 3.85522818565369 3.9347677230835 4.1470193862915 4.32979011535645 4.40733957290649 4.39960289001465 4.42202711105347 4.47020196914673
1964 01 27 00 4.05984115600586 4.05683040618896 4.05156326293945 3.940425157547 3.60018396377563 3.48734784126282 3.58268117904663 3.76258444786072 3.99065446853638 4.21239042282104 4.39535856246948 4.51543569564819
1964 01 28 00 3.59837889671326 3.59793400764465 3.59872007369995 3.50715088844299 3.26939010620117 3.19891762733459 3.22549486160278 3.2885057926178 3.36199378967285 3.59898281097412 4.03200101852417 4.43659734725952
1964 01 29 00 3.38893747329712 3.38892650604248 3.38859033584595 3.38797330856323 3.38767623901367 3.3360743522644 3.25193381309509 3.23239254951477 3.24496746063232 3.26520133018494 3.46211504936218 4.20544004440308
1964 01 30 00 3.23288583755493 3.2625560760498 3.25493979454041 3.24216771125793 3.24047446250916 3.2243800163269 3.20459294319153 3.19079875946045 3.18601131439209 3.20131421089172 3.26751303672791 4.00862646102905
1964 01 31 00 3.0325448513031 3.03649616241455 3.12182211875916 3.28698348999023 3.21326804161072 3.11076736450195 3.07046365737915 3.07380652427673 3.08323216438293 3.12841773033142 3.13746285438538 3.67351031303406
1964 02 01 00 3.24111700057983 3.24170613288879 3.24324727058411 3.294513463974 3.49761509895325 3.50564336776733 3.34528207778931 3.18045258522034 3.12010049819946 3.16227149963379 3.19303345680237 3.6150004863739
1964 02 02 00 3.21228623390198 3.21259236335754 3.21240282058716 3.22010445594788 3.3747239112854 3.4824755191803 3.50425601005554 3.39762783050537 3.26935148239136 3.28783130645752 3.36578869819641 3.84925866127014
1964 02 03 00 3.15115213394165 3.14944338798523 3.14636993408203 3.14480519294739 3.10375189781189 3.03444957733154 3.1338746547699 3.29416227340698 3.30114269256592 3.29741668701172 3.39061284065247 3.81626510620117
1964 02 04 00 3.09323143959045 3.09158062934875 3.08732390403748 3.07460618019104 3.06949520111084 3.13935327529907 3.22638416290283 3.32480549812317 3.34438371658325 3.33894968032837 3.4381890296936 3.75829315185547
1964 02 05 00 3.17144298553467 3.1711311340332 3.16884136199951 3.17247033119202 3.33182954788208 3.50683832168579 3.47894430160522 3.50044751167297 3.58353686332703 3.64119362831116 3.75254225730896 4.00698614120483
1964 02 06 00 3.09918999671936 3.09877824783325 3.0981707572937 3.13554954528809 3.39874219894409 3.492427110672 3.48970603942871 3.52887153625488 3.64243268966675 3.75513052940369 3.9109992980957 4.1113109588623
1964 02 07 00 3.09012675285339 3.09025835990906 3.09105181694031 3.11211180686951 3.20700287818909 3.27165532112122 3.35868740081787 3.45547962188721 3.52698278427124 3.6109676361084 3.70164799690247 3.95852422714233
1964 02 08 00 2.96645283699036 2.96782612800598 2.9676034450531 2.96731495857239 2.96784782409668 2.97416663169861 2.97836828231812 3.05339360237122 3.09500408172607 3.2082257270813 3.37086844444275 3.6011221408844
1964 02 09 00 2.94970774650574 2.94866442680359 2.94786381721497 2.94695115089417 2.94357705116272 2.92955470085144 2.90211510658264 2.87302303314209 2.92277264595032 3.02792024612427 3.19712066650391 3.37143468856812
1964 02 10 00 3.04033303260803 3.03881049156189 3.03685069084167 3.03291726112366 2.99000835418701 2.94733071327209 2.87242269515991 2.81505799293518 2.84505581855774 2.95470786094666 3.15062832832336 3.29049038887024
1964 02 11 00 3.09880971908569 3.09365010261536 3.08426809310913 3.06457495689392 3.01223540306091 2.95466470718384 2.88346362113953 2.82183194160461 2.83622574806213 2.91260194778442 3.09756445884705 3.27118492126465
1964 02 12 00 3.01092934608459 3.00960350036621 3.00895261764526 3.05120611190796 3.01984453201294 2.95617008209229 2.87295532226562 2.82273983955383 2.83896660804749 2.9057514667511 3.08100914955139 3.26922917366028
1964 02 13 00 2.89210367202759 2.89210367202759 2.89207434654236 2.89381170272827 2.98293328285217 2.97255754470825 2.95393896102905 2.94875526428223 2.99091386795044 3.08126163482666 3.23267459869385 3.38711905479431
1964 02 14 00 2.83486914634705 2.83493566513062 2.83411407470703 2.83365201950073 2.83632302284241 2.93445658683777 3.05485558509827 3.12947535514832 3.26435256004333 3.44232797622681 3.55334544181824 3.57429599761963
1964 02 15 00 2.74464464187622 2.74577856063843 2.7450647354126 2.74545907974243 2.75269317626953 2.87968635559082 3.15054249763489 3.25264835357666 3.42885541915894 3.58127355575562 3.63189721107483 3.61776638031006
1964 02 16 00 2.55793714523315 2.55943918228149 2.55827116966248 2.55730509757996 2.5590181350708 2.57848620414734 3.14678978919983 3.35166335105896 3.50936651229858 3.60740852355957 3.63152861595154 3.62223696708679
1964 02 17 00 2.41460943222046 2.41483163833618 2.414067029953 2.41331243515015 2.41376614570618 2.44435262680054 3.05134105682373 3.35946130752563 3.45659565925598 3.49084138870239 3.50119471549988 3.57984256744385
1964 02 18 00 2.40986490249634 2.40986490249634 2.40986490249634 2.40986919403076 2.41017818450928 2.42420315742493 2.77618551254272 3.11403369903564 3.20902538299561 3.18336653709412 3.19908285140991 3.39705014228821
1964 02 19 00 2.5085437297821 2.50849676132202 2.50752305984497 2.50455760955811 2.48051786422729 2.4377601146698 2.50893998146057 2.82046627998352 3.02063488960266 3.0373854637146 3.07008004188538 3.23507165908813
1964 02 20 00 2.81753540039062 2.81717371940613 2.81591105461121 2.81308603286743 2.79688119888306 2.62207555770874 2.50158715248108 2.63602685928345 2.87050151824951 2.983078956604 3.0449845790863 3.19994640350342
1964 02 21 00 2.86848974227905 2.86832928657532 2.86788439750671 2.86711859703064 2.85334825515747 2.74673581123352 2.58656048774719 2.60163950920105 2.79354500770569 2.97795081138611 3.09288740158081 3.19856429100037
1964 02 22 00 2.99231004714966 2.99169015884399 2.99008274078369 2.98773193359375 2.98198938369751 2.80920553207397 2.58615493774414 2.52712178230286 2.58211994171143 2.82649374008179 3.05335807800293 3.17269849777222
1964 02 23 00 2.81719064712524 2.81749582290649 2.81720995903015 2.81677055358887 2.81852555274963 2.79896831512451 2.57552862167358 2.4597110748291 2.5085723400116 2.82596755027771 3.14618039131165 3.28923010826111
1964 02 24 00 2.69561696052551 2.69572520256042 2.69568967819214 2.69556093215942 2.69497156143188 2.69476079940796 2.61721158027649 2.51086616516113 2.5246798992157 2.87286329269409 3.29300999641418 3.42437767982483
1964 02 25 00 2.79096269607544 2.79011297225952 2.78845906257629 2.78624558448792 2.78297829627991 2.7739679813385 2.69932126998901 2.6061270236969 2.55979251861572 2.88145351409912 3.36858224868774 3.47555422782898
1964 02 26 00 2.84848642349243 2.8486635684967 2.84807229042053 2.84716248512268 2.84633994102478 2.84555912017822 2.82346200942993 2.831130027771 2.8856794834137 3.16597104072571 3.46959090232849 3.47773170471191
1964 02 27 00 2.83991312980652 2.83796691894531 2.83239650726318 2.82456541061401 2.81713318824768 2.80527782440186 2.83555221557617 2.94389677047729 3.05171370506287 3.25060367584229 3.44360256195068 3.45577502250671
1964 02 28 00 2.87550711631775 2.87355184555054 2.87016010284424 2.86618089675903 2.86126732826233 2.8515043258667 2.86314702033997 2.93387746810913 3.02461886405945 3.2038300037384 3.37311983108521 3.40091156959534
1964 02 29 00 2.87550711631775 2.87355184555054 2.87016010284424 2.86618089675903 2.86126732826233 2.8515043258667 2.86314702033997 2.93387746810913 3.02461886405945 3.2038300037384 3.37311983108521 3.40091156959534
1964 03 01 00 2.84329342842102 2.8438413143158 2.8438868522644 2.84389638900757 2.84408569335938 2.8448691368103 2.84910082817078 2.88968133926392 3.02146220207214 3.14241623878479 3.28506422042847 3.36268496513367
1964 03 02 00 2.87982749938965 2.87982749938965 2.87982749938965 2.87982749938965 2.87982749938965 2.87982749938965 2.88001322746277 2.88229632377625 2.98836016654968 3.10932374000549 3.21411609649658 3.30681586265564
1964 03 03 00 2.84244132041931 2.84244132041931 2.84244132041931 2.84244132041931 2.84244132041931 2.84244132041931 2.84249544143677 2.84309339523315 2.85408544540405 2.97761821746826 3.11231231689453 3.12900805473328
1964 03 04 00 2.83367490768433 2.83367490768433 2.83367490768433 2.83367490768433 2.83367490768433 2.83367490768433 2.83366537094116 2.83364462852478 2.83351349830627 2.92912602424622 3.05831003189087 3.03335475921631
1964 03 05 00 2.9170503616333 2.91706156730652 2.91686868667603 2.91637516021729 2.91499805450439 2.91189670562744 2.90771865844727 2.89679265022278 2.87823677062988 2.96552443504333 2.98982691764832 2.97217226028442
1964 03 06 00 3.00087857246399 3.00091624259949 3.00087571144104 3.00077867507935 3.00063562393188 3.00043344497681 3.00016903877258 2.99844288825989 2.97788238525391 3.08732175827026 3.10752367973328 3.15058255195618
1964 03 07 00 3.10442566871643 3.10173892974854 3.09930300712585 3.09687566757202 3.09420919418335 3.09089756011963 3.08567023277283 3.06996607780457 3.05619144439697 3.16400980949402 3.28834915161133 3.33663892745972
1964 03 08 00 3.19995260238647 3.19553828239441 3.19068717956543 3.18428564071655 3.16811728477478 3.10518074035645 3.08280897140503 3.07012701034546 3.0383517742157 3.07793831825256 3.21741437911987 3.31917262077332
1964 03 09 00 3.31385946273804 3.3110613822937 3.27145481109619 3.21755051612854 3.20128321647644 3.06901693344116 3.03205823898315 3.01843023300171 3.00382804870605 2.99730491638184 3.07752060890198 3.23780536651611
1964 03 10 00 3.41129946708679 3.40654039382935 3.39771342277527 3.27667236328125 3.20765686035156 3.11822056770325 3.07209968566895 3.06141567230225 3.0564386844635 3.04749464988708 3.05477523803711 3.20812654495239
1964 03 11 00 3.28144383430481 3.27804350852966 3.27200746536255 3.24071168899536 3.17349004745483 3.15548205375671 3.15460705757141 3.15467691421509 3.15467691421509 3.15468049049377 3.10804557800293 3.18993759155273
1964 03 12 00 3.26739406585693 3.26515889167786 3.26125717163086 3.2553026676178 3.2378945350647 3.21755957603455 3.2161123752594 3.21502614021301 3.21333885192871 3.20851755142212 3.15642404556274 3.18731331825256
1964 03 13 00 3.36041831970215 3.35992312431335 3.35826992988586 3.35607886314392 3.35306286811829 3.32492995262146 3.30164098739624 3.29276847839355 3.25099420547485 3.2019374370575 3.14479732513428 3.15636491775513
1964 03 14 00 3.37612581253052 3.37574458122253 3.3744113445282 3.37298560142517 3.37114357948303 3.36041498184204 3.30559825897217 3.30477404594421 3.26033997535706 3.17516374588013 3.13052916526794 3.13462972640991
1964 03 15 00 3.41431665420532 3.41290235519409 3.41099977493286 3.40853095054626 3.40326952934265 3.37763571739197 3.28970837593079 3.26903986930847 3.2681360244751 3.20605134963989 3.13232016563416 3.13740468025208
1964 03 16 00 3.54965448379517 3.54631781578064 3.54314279556274 3.53913879394531 3.53214955329895 3.50749111175537 3.39782214164734 3.2881121635437 3.26291084289551 3.24150657653809 3.15094614028931 3.1480028629303
1964 03 17 00 3.74751877784729 3.74358177185059 3.73892426490784 3.71715784072876 3.69078397750854 3.62836742401123 3.60003757476807 3.48713231086731 3.35003638267517 3.27808284759521 3.1878068447113 3.18864250183105
1964 03 18 00 4.05139398574829 4.03054571151733 4.00041723251343 3.94059419631958 3.81684494018555 3.70176267623901 3.59011912345886 3.5421986579895 3.4183394908905 3.30146145820618 3.21341562271118 3.21114921569824
1964 03 19 00 4.17386770248413 4.15403699874878 4.12657165527344 4.0901026725769 4.04210424423218 3.76662182807922 3.56183648109436 3.51071572303772 3.45446872711182 3.36361241340637 3.26374959945679 3.21881198883057
1964 03 20 00 4.3326678276062 4.33124017715454 4.19954395294189 4.09094381332397 4.0359787940979 3.83780002593994 3.55450797080994 3.42281651496887 3.38731098175049 3.35007691383362 3.26468968391418 3.18665838241577
1964 03 21 00 4.37275886535645 4.3672251701355 4.32567262649536 4.04779005050659 3.89369487762451 3.75848245620728 3.56681752204895 3.42522716522217 3.3487663269043 3.3017852306366 3.22629523277283 3.14568114280701
1964 03 22 00 4.03634691238403 3.99952983856201 3.92143583297729 3.85750317573547 3.78855323791504 3.6871292591095 3.57671284675598 3.50492191314697 3.45090222358704 3.40004658699036 3.28321719169617 3.14015412330627
1964 03 23 00 4.05217409133911 4.0515341758728 4.06605243682861 3.91078495979309 3.76985168457031 3.66223859786987 3.56539154052734 3.50633430480957 3.46325159072876 3.4290726184845 3.3283679485321 3.20835661888123
1964 03 24 00 4.15104341506958 4.13535356521606 4.09815740585327 4.03899765014648 3.93436193466187 3.84544444084167 3.77804088592529 3.71831321716309 3.66649222373962 3.60403823852539 3.45754241943359 3.24479341506958
1964 03 25 00 4.29358005523682 4.31065607070923 4.22416019439697 4.07217359542847 4.04472923278809 3.95392513275146 3.87317419052124 3.82139229774475 3.74906921386719 3.68815922737122 3.5562047958374 3.32482123374939
1964 03 26 00 4.45763635635376 4.45532178878784 4.44650745391846 4.1552791595459 4.0850076675415 4.05123138427734 3.89241313934326 3.80999875068665 3.73323965072632 3.6704216003418 3.5642614364624 3.37173962593079
1964 03 27 00 4.50950956344604 4.5020751953125 4.44725131988525 4.31149768829346 4.15131521224976 4.04083108901978 3.90979027748108 3.82221007347107 3.74217224121094 3.66844439506531 3.55739307403564 3.38033199310303
1964 03 28 00 4.74959230422974 4.74188089370728 4.68234920501709 4.45140933990479 4.26183652877808 4.12068223953247 3.98736429214478 3.88050937652588 3.7957878112793 3.71369695663452 3.61645913124084 3.43927645683289
1964 03 29 00 4.87557649612427 4.87214708328247 4.86124658584595 4.69893169403076 4.40935850143433 4.21714353561401 4.06287097930908 3.93898296356201 3.85184788703918 3.77412986755371 3.67184734344482 3.49061894416809
1964 03 30 00 4.69061231613159 4.69013929367065 4.68868064880371 4.67337036132812 4.57045793533325 4.42316341400146 4.28776836395264 4.17301273345947 4.00295305252075 3.86714673042297 3.70928478240967 3.54674243927002
1964 03 31 00 4.41447877883911 4.4150767326355 4.4140305519104 4.41223001480103 4.41088247299194 4.43796968460083 4.42990303039551 4.37581491470337 4.22500085830688 4.01490354537964 3.76876187324524 3.64191341400146
1964 04 01 00 4.3739333152771 4.37434816360474 4.37395668029785 4.3734917640686 4.37348747253418 4.37868070602417 4.39920949935913 4.4080958366394 4.36746644973755 4.21732711791992 3.90749025344849 3.70616102218628
1964 04 02 00 4.23902893066406 4.23943138122559 4.23936176300049 4.23921918869019 4.23900127410889 4.23873376846313 4.23842096328735 4.2379207611084 4.23728942871094 4.23716449737549 4.15645265579224 3.77383303642273
1964 04 03 00 4.30682039260864 4.30266094207764 4.29503488540649 4.25764942169189 4.21815776824951 4.21417093276978 4.21240711212158 4.2087664604187 4.19785404205322 4.19318199157715 4.18487405776978 4.06476259231567
1964 04 04 00 4.33248424530029 4.32969522476196 4.34406757354736 4.34735250473022 4.33292531967163 4.31700325012207 4.32183074951172 4.32642650604248 4.30828523635864 4.28311681747437 4.27012777328491 4.27012777328491
1964 04 05 00 4.41852426528931 4.41117858886719 4.40114402770996 4.41004657745361 4.42341041564941 4.42443990707397 4.41704082489014 4.40068292617798 4.39749002456665 4.3753080368042 4.32910680770874 4.32910680770874
1964 04 06 00 4.67440128326416 4.6648268699646 4.62552309036255 4.57525825500488 4.53650236129761 4.51839399337769 4.50038766860962 4.46968936920166 4.4388632774353 4.4133734703064 4.37107133865356 4.36817121505737
1964 04 07 00 4.80425310134888 4.80004787445068 4.79328918457031 4.70835447311401 4.6028881072998 4.53556203842163 4.49802303314209 4.48326826095581 4.46612215042114 4.44762706756592 4.40959072113037 4.38323211669922
1964 04 08 00 5.07503461837769 5.04897165298462 4.9463529586792 4.71953392028809 4.5479621887207 4.48903322219849 4.46652412414551 4.45946931838989 4.44892406463623 4.44166040420532 4.41804885864258 4.39205408096313
1964 04 09 00 5.30598115921021 5.29055404663086 5.08614587783813 4.73442316055298 4.53099536895752 4.45206117630005 4.43231296539307 4.4303560256958 4.43037891387939 4.42828559875488 4.41643476486206 4.3990797996521
1964 04 10 00 5.72650814056396 5.51886892318726 5.11598443984985 4.82199668884277 4.60526037216187 4.47551679611206 4.42881631851196 4.41293144226074 4.41178703308105 4.41300439834595 4.40960645675659 4.40276002883911
1964 04 11 00 5.96945190429688 5.93524599075317 5.59625768661499 5.08228492736816 4.72802877426147 4.55118751525879 4.47151517868042 4.44036674499512 4.42415857315063 4.41318416595459 4.40597581863403 4.4065523147583
1964 04 12 00 5.77422571182251 5.76833248138428 5.760817527771 5.74746370315552 5.62018203735352 4.89279365539551 4.56790113449097 4.49525356292725 4.46487617492676 4.43498182296753 4.41627073287964 4.41948652267456
1964 04 13 00 5.84710884094238 5.84392881393433 5.83891010284424 5.83032894134521 5.78855657577515 5.63382482528687 5.16544008255005 4.68333959579468 4.52150344848633 4.44178152084351 4.42619800567627 4.42734956741333
1964 04 14 00 5.90212392807007 5.89963865280151 5.89675235748291 5.89346122741699 5.88915157318115 5.73768997192383 5.33463525772095 4.95168590545654 4.63798379898071 4.45455884933472 4.43701171875 4.43573236465454
1964 04 15 00 6.16368293762207 6.15298795700073 6.14120149612427 6.12513875961304 6.09007120132446 5.93132925033569 5.75287485122681 5.45736789703369 4.94502449035645 4.53158760070801 4.44566345214844 4.44724655151367
1964 04 16 00 6.3183217048645 6.31224203109741 6.30391025543213 6.29254770278931 6.27191019058228 6.07223606109619 5.75599098205566 5.41713285446167 4.93902349472046 4.5571551322937 4.45463943481445 4.45439958572388
1964 04 17 00 6.36222743988037 6.35871744155884 6.35853719711304 6.35818004608154 6.35742473602295 6.35071134567261 6.04209470748901 5.6915020942688 5.15125226974487 4.6581244468689 4.47074604034424 4.46174240112305
1964 04 18 00 6.46428728103638 6.45294094085693 6.44896459579468 6.44684314727783 6.43401002883911 6.37495994567871 6.27636909484863 5.72883319854736 5.10486316680908 4.62648439407349 4.47238540649414 4.47873687744141
1964 04 19 00 6.83353805541992 6.78002643585205 6.55660533905029 6.5073037147522 6.46585559844971 6.447021484375 6.41779756546021 6.00327491760254 5.32805061340332 4.73166513442993 4.50398445129395 4.49980974197388
1964 04 20 00 6.91213464736938 6.86561012268066 6.75168466567993 6.67633295059204 6.64322185516357 6.62248611450195 6.57862281799316 6.21568393707275 5.48606872558594 4.85905838012695 4.54892778396606 4.51544904708862
1964 04 21 00 7.29801893234253 7.24893283843994 7.14066457748413 6.98215866088867 6.87197875976562 6.73268413543701 6.65557241439819 6.28082132339478 5.62804746627808 4.99824380874634 4.62023210525513 4.53627443313599
1964 04 22 00 7.74460124969482 7.43165445327759 7.27462482452393 7.2400221824646 7.20039367675781 7.14043188095093 6.94330167770386 6.29742288589478 5.64591932296753 5.0662522315979 4.67985153198242 4.56309509277344
1964 04 23 00 8.22115421295166 8.19390201568604 8.02607154846191 7.60128927230835 7.30165195465088 7.17260074615479 6.98554229736328 6.44897699356079 5.72250890731812 5.11891508102417 4.75166893005371 4.61177825927734
1964 04 24 00 8.66136455535889 8.64069271087646 8.46883010864258 7.79197263717651 7.34233331680298 7.16317892074585 6.97074556350708 6.50403499603271 5.79545593261719 5.15500736236572 4.76672697067261 4.65356540679932
1964 04 25 00 8.72812938690186 8.71881198883057 8.45048236846924 7.88967084884644 7.45778656005859 7.26436901092529 7.07995128631592 6.64628458023071 5.93618869781494 5.22522783279419 4.78952169418335 4.65543556213379
1964 04 26 00 9.07994556427002 8.95315170288086 8.50761890411377 7.94091081619263 7.5989670753479 7.43927049636841 7.28286361694336 6.75713539123535 5.95083141326904 5.20320463180542 4.77628135681152 4.65933609008789
1964 04 27 00 9.06810283660889 9.05687999725342 8.49013328552246 7.89313745498657 7.57548904418945 7.4103684425354 7.18741083145142 6.64673042297363 5.88313817977905 5.17782258987427 4.77269315719604 4.66912841796875
1964 04 28 00 8.78845596313477 8.77812480926514 8.73223972320557 8.03261566162109 7.61171817779541 7.4234447479248 7.13164472579956 6.63710451126099 6.01206588745117 5.3167519569397 4.84600305557251 4.70125913619995
1964 04 29 00 8.87042903900146 8.80502223968506 8.83888626098633 8.41284847259521 7.87792444229126 7.67543172836304 7.34768867492676 6.81041383743286 6.18021726608276 5.44806814193726 4.90213108062744 4.71809387207031
1964 04 30 00 9.03161525726318 9.02369785308838 8.99195766448975 8.72297954559326 8.25317001342773 8.09584617614746 7.8563289642334 7.25025701522827 6.37766742706299 5.52718257904053 4.93786144256592 4.72542715072632
1964 05 01 00 9.14175510406494 9.11897754669189 8.99396133422852 8.88129806518555 8.57711029052734 8.39195537567139 8.13586235046387 7.47485828399658 6.48825454711914 5.59783792495728 4.99013185501099 4.74134874343872
1964 05 02 00 9.31363868713379 9.23228454589844 9.06085777282715 8.93859767913818 8.68386936187744 8.45344161987305 8.11848545074463 7.41798782348633 6.49629831314087 5.65951633453369 5.05929756164551 4.77927780151367
1964 05 03 00 9.55573654174805 9.53785419464111 9.35274791717529 8.91851806640625 8.65572452545166 8.3757266998291 7.9885425567627 7.30456066131592 6.46232843399048 5.69979572296143 5.1275486946106 4.83138513565063
1964 05 04 00 10.0955123901367 10.0527973175049 9.81071853637695 9.09350204467773 8.69611835479736 8.39288711547852 7.94237565994263 7.21537065505981 6.39142322540283 5.66973257064819 5.12124061584473 4.85971784591675
1964 05 05 00 10.1927156448364 10.1841249465942 10.0918893814087 9.596510887146 8.85251235961914 8.38278865814209 7.89651966094971 7.1630425453186 6.34142827987671 5.62097692489624 5.09398126602173 4.85531759262085
1964 05 06 00 10.2556962966919 10.2549781799316 10.2517461776733 10.2288608551025 9.59961032867432 8.81869316101074 8.21115398406982 7.52122020721436 6.70450448989868 5.85662412643433 5.21506452560425 4.88223934173584
1964 05 07 00 10.2883148193359 10.287745475769 10.2863235473633 10.2849426269531 10.0738573074341 9.36532497406006 8.63094615936279 7.92855024337769 7.08199024200439 6.13979911804199 5.36646461486816 4.93237113952637
1964 05 08 00 10.0540742874146 9.99988555908203 9.95807456970215 9.95781803131104 10.1594486236572 9.76259326934814 8.95420360565186 8.16802883148193 7.26390647888184 6.25899934768677 5.45094633102417 4.99997711181641
1964 05 09 00 10.2795152664185 10.2791223526001 10.2777118682861 10.2748346328735 10.1923570632935 9.74815654754639 8.89265441894531 8.02478218078613 7.0976619720459 6.15191698074341 5.43032646179199 5.06943607330322
1964 05 10 00 9.99946212768555 9.99726009368896 9.99500942230225 9.99595642089844 10.0839691162109 10.116382598877 9.98404693603516 9.32739353179932 8.18971252441406 6.77770233154297 5.68837261199951 5.15841865539551
1964 05 11 00 9.74419975280762 9.74423122406006 9.74190330505371 9.64022731781006 10.0120058059692 10.1152830123901 10.0623168945312 9.2481632232666 7.93565320968628 6.46458721160889 5.45227384567261 5.07699203491211
1964 05 12 00 10.1185102462769 10.0721321105957 9.94450092315674 9.91015720367432 10.0576801300049 10.1879138946533 10.1449193954468 9.44361400604248 8.20210552215576 6.69650316238403 5.61623430252075 5.11587524414062
1964 05 13 00 9.76863098144531 9.76773834228516 9.76644802093506 9.83681488037109 10.1500196456909 10.4182281494141 10.3706312179565 9.88767910003662 8.85939025878906 7.26056337356567 5.91579627990723 5.27550601959229
1964 05 14 00 9.64840984344482 9.63315677642822 9.60762405395508 9.5733642578125 9.93522644042969 10.507209777832 10.5842390060425 10.2945947647095 9.37789916992188 7.67915105819702 6.0875506401062 5.34293460845947
1964 05 15 00 10.1129531860352 9.91867733001709 9.73146629333496 9.7208776473999 10.1581439971924 10.6237955093384 10.6521635055542 10.2756319046021 9.27424430847168 7.62972259521484 6.11622476577759 5.37146997451782
1964 05 16 00 10.1401605606079 10.1281929016113 10.0839824676514 9.87852668762207 10.1915378570557 10.6784515380859 10.7435779571533 10.3549184799194 9.26925277709961 7.67979621887207 6.24186897277832 5.39870643615723
1964 05 17 00 10.1394214630127 10.1346588134766 10.1271781921387 10.1173648834229 10.2814912796021 10.7019739151001 10.8291120529175 10.6376504898071 9.85727024078369 8.30648517608643 6.63515138626099 5.48974704742432
1964 05 18 00 10.4406394958496 10.4070320129395 10.3464097976685 10.1861763000488 10.3451347351074 10.7221345901489 10.8692016601562 10.7507486343384 10.1234130859375 8.71133708953857 6.94321775436401 5.55198097229004
1964 05 19 00 10.5683469772339 10.557746887207 10.5377130508423 10.4733047485352 10.308445930481 10.4532346725464 10.6530590057373 10.62473487854 10.0220432281494 8.75403881072998 7.01221895217896 5.51110172271729
1964 05 20 00 10.5703706741333 10.550724029541 10.4993419647217 10.4106855392456 10.2386054992676 10.0399894714355 10.0900707244873 10.0854692459106 9.73580455780029 8.71450424194336 6.88216543197632 5.52261161804199
1964 05 21 00 10.5796175003052 10.5548706054688 10.4974775314331 10.4317865371704 10.368408203125 10.0298633575439 9.91858768463135 9.83474445343018 9.39778804779053 8.4553050994873 6.93558788299561 5.67494678497314
1964 05 22 00 10.8534650802612 10.7984619140625 10.7241640090942 10.4859914779663 10.2835321426392 10.1075553894043 9.89029121398926 9.72570323944092 9.2662239074707 8.42994117736816 7.18753004074097 5.96513366699219
1964 05 23 00 11.1735620498657 11.1299810409546 11.0399570465088 10.8260021209717 10.3536853790283 10.1766500473022 9.95932388305664 9.73588371276855 9.24156951904297 8.42041778564453 7.22853326797485 6.21044540405273
1964 05 24 00 11.7272834777832 11.4910650253296 11.233922958374 11.1566858291626 10.7810506820679 10.327784538269 10.0496129989624 9.77647495269775 9.20253562927246 8.30724143981934 7.14075040817261 6.31793212890625
1964 05 25 00 11.8099718093872 11.7978677749634 11.5900049209595 11.2026615142822 10.7566413879395 10.3745403289795 10.024863243103 9.6967887878418 9.13664150238037 8.20454120635986 7.06363391876221 6.33509063720703
1964 05 26 00 11.6409740447998 11.6366548538208 11.6276998519897 11.5563335418701 10.9881191253662 10.5177145004272 10.0875749588013 9.6304931640625 9.02801513671875 8.10547351837158 7.0144624710083 6.32169532775879
1964 05 27 00 11.6259269714355 11.6200723648071 11.6092920303345 11.5873041152954 11.3616437911987 10.8477325439453 10.3175535202026 9.75252532958984 9.09032821655273 8.23301124572754 7.21679830551147 6.44269514083862
1964 05 28 00 11.6448402404785 11.640814781189 11.6342115402222 11.6235313415527 11.5653619766235 11.2368688583374 10.6738233566284 9.94872570037842 9.15863704681396 8.26425647735596 7.33090877532959 6.55944442749023
1964 05 29 00 11.6210737228394 11.5743608474731 11.5051250457764 11.4814548492432 11.4716339111328 11.4506158828735 11.2790813446045 10.282151222229 9.17852687835693 8.26669788360596 7.35219764709473 6.49729442596436
1964 05 30 00 11.6039953231812 11.5939750671387 11.5803699493408 11.5747890472412 11.5704479217529 11.5291557312012 11.0482368469238 10.0500736236572 8.95859718322754 8.02332210540771 7.05509090423584 6.36647748947144
1964 05 31 00 11.6475124359131 11.636438369751 11.6196775436401 11.5896816253662 11.5326309204102 11.5075273513794 11.3313426971436 10.4065608978271 9.3909387588501 8.46251487731934 7.37143039703369 6.46156978607178
1964 06 01 00 11.961784362793 11.8971080780029 11.8054389953613 11.720682144165 11.630895614624 11.5326623916626 11.4511966705322 11.2075862884521 10.2632722854614 9.15621471405029 7.76154613494873 6.54883337020874
1964 06 02 00 12.0079441070557 12.0032148361206 11.9942922592163 11.9598407745361 11.7767448425293 11.5006399154663 11.4006338119507 11.1613454818726 10.3951454162598 9.38083362579346 7.96608924865723 6.6578106880188
1964 06 03 00 12.1798725128174 12.1740674972534 12.1659479141235 12.152663230896 12.1107501983643 11.9168558120728 11.5321235656738 11.3957300186157 10.9806041717529 10.2014122009277 8.97835540771484 6.99848794937134
1964 06 04 00 12.4350547790527 12.3750514984131 12.2985277175903 12.2581405639648 12.2205400466919 12.0520210266113 11.6937246322632 11.4122047424316 10.9617681503296 9.92680931091309 8.61676597595215 7.2700629234314
1964 06 05 00 12.7751731872559 12.7385988235474 12.6835565567017 12.442024230957 12.3528566360474 12.1465396881104 11.7418556213379 11.304313659668 10.4916296005249 9.38490676879883 8.30545425415039 7.47452116012573
1964 06 06 00 13.077127456665 13.0519723892212 13.0150880813599 12.9337244033813 12.6460332870483 12.0740480422974 11.680118560791 11.1304349899292 10.2765693664551 9.14450550079346 7.98260402679443 7.32049942016602
1964 06 07 00 13.2352838516235 13.2144613265991 13.1791820526123 13.1064577102661 12.9623384475708 12.3598365783691 11.7412605285645 11.2144155502319 10.3946323394775 9.23868465423584 8.04227161407471 7.46928548812866
1964 06 08 00 13.6836051940918 13.6572895050049 13.5270481109619 13.2904930114746 12.9963512420654 12.4228630065918 11.8093957901001 11.2308740615845 10.489893913269 9.47290325164795 8.39400482177734 7.76631021499634
1964 06 09 00 14.16282081604 14.1340990066528 14.0222597122192 13.3503684997559 12.9565238952637 12.369234085083 11.7463207244873 11.1489086151123 10.4069843292236 9.45792102813721 8.51224327087402 7.91509437561035
1964 06 10 00 14.4411573410034 14.4035615921021 14.2461986541748 13.5134801864624 12.8076477050781 12.1230020523071 11.4621877670288 10.8920192718506 10.0902147293091 9.11451625823975 8.22717571258545 7.75299596786499
1964 06 11 00 14.9912424087524 14.8576745986938 14.554141998291 13.715633392334 12.7886409759521 12.0214853286743 11.3225183486938 10.7664375305176 9.98426818847656 9.01425457000732 8.10286998748779 7.56769704818726
1964 06 12 00 15.6593685150146 15.5115947723389 14.7155332565308 13.7424850463867 12.7067461013794 11.9340925216675 11.2691173553467 10.6367931365967 9.82436943054199 8.89944458007812 8.05402374267578 7.5400538444519
1964 06 13 00 15.9288425445557 15.8625478744507 15.4355268478394 13.5660028457642 12.347074508667 11.707462310791 11.1658744812012 10.5668687820435 9.74415302276611 8.8183012008667 8.0122241973877 7.55759620666504
1964 06 14 00 15.4467372894287 15.426323890686 15.3625984191895 14.3741683959961 12.0407361984253 11.3736066818237 11.0081262588501 10.4698114395142 9.6884937286377 8.80510520935059 8.027907371521 7.58924150466919
1964 06 15 00 14.7203197479248 14.7118949890137 14.6933813095093 14.6347646713257 13.1454744338989 11.7674827575684 11.1984710693359 10.5750684738159 9.78123664855957 8.92993545532227 8.15217018127441 7.69532823562622
1964 06 16 00 14.6138591766357 14.6084537506104 14.5866365432739 14.5324573516846 13.5111331939697 12.2195301055908 11.3408641815186 10.5703039169312 9.71216201782227 8.8823709487915 8.20621967315674 7.78937196731567
1964 06 17 00 14.7671232223511 14.7397794723511 14.6430730819702 14.5196361541748 13.6143064498901 12.2638692855835 11.2133569717407 10.4011306762695 9.56998252868652 8.75258445739746 8.13576126098633 7.86086988449097
1964 06 18 00 14.7765512466431 14.7737312316895 14.7674360275269 14.7435111999512 14.3544692993164 13.1850843429565 11.6464290618896 10.4586591720581 9.59344482421875 8.82358551025391 8.13851261138916 7.93567895889282
1964 06 19 00 14.6609592437744 14.6604604721069 14.6593294143677 14.6581020355225 14.632438659668 13.9989356994629 12.449161529541 10.8116607666016 9.67600440979004 8.85068798065186 8.18328285217285 8.06135272979736
1964 06 20 00 14.6347017288208 14.6339483261108 14.6334104537964 14.6326313018799 14.6269435882568 14.1883220672607 12.5608768463135 10.7618942260742 9.59567356109619 8.82889366149902 8.27053070068359 8.2405891418457
1964 06 21 00 14.7896718978882 14.7543907165527 14.720648765564 14.7170372009277 14.7099380493164 14.0822772979736 12.4198541641235 10.6054573059082 9.50925636291504 8.81901550292969 8.38369464874268 8.38826179504395
1964 06 22 00 14.8650913238525 14.8548126220703 14.8369312286377 14.8223075866699 14.7990980148315 13.9890775680542 12.31653881073 10.4951810836792 9.45471858978271 8.87536430358887 8.59048461914062 8.59973239898682
1964 06 23 00 14.9293909072876 14.9171848297119 14.9009866714478 14.8545846939087 14.8366069793701 14.3019142150879 12.7188749313354 10.8717555999756 9.64228630065918 9.06025981903076 8.83305072784424 8.8273811340332
1964 06 24 00 14.7428665161133 14.7423763275146 14.7393770217896 14.7347269058228 14.7261219024658 14.6791696548462 13.6237325668335 11.4955930709839 9.89927291870117 9.15967082977295 8.8887939453125 8.88468456268311
1964 06 25 00 14.7319478988647 14.7056770324707 14.6625108718872 14.618335723877 14.5918703079224 14.5054864883423 14.236270904541 12.9942970275879 10.870306968689 9.62790870666504 9.11482906341553 9.08332538604736
1964 06 26 00 14.9976406097412 14.9689559936523 14.9361763000488 14.6916761398315 14.6220817565918 14.4864158630371 14.1535005569458 13.0523080825806 11.1634702682495 9.82241916656494 9.3286600112915 9.31136417388916
1964 06 27 00 15.6128721237183 15.1752815246582 14.9850540161133 14.6555099487305 14.5274724960327 14.4453191757202 14.1872129440308 13.2439661026001 11.4279441833496 9.91865539550781 9.48453998565674 9.43469619750977
1964 06 28 00 16.1338882446289 15.5869169235229 14.8742332458496 14.5067501068115 14.3675031661987 14.2763633728027 14.0476932525635 13.1662292480469 11.3859329223633 9.9472484588623 9.58562850952148 9.54349231719971
1964 06 29 00 16.2406444549561 16.1075687408447 14.8526268005371 14.4086656570435 14.2097272872925 14.0462417602539 13.7505731582642 12.8032922744751 11.2996406555176 10.0276737213135 9.6679573059082 9.63217353820801
1964 06 30 00 16.5803070068359 16.4495544433594 15.1526441574097 14.4743919372559 14.1025218963623 13.7542276382446 13.2691221237183 12.4000072479248 11.1550378799438 10.1188955307007 9.81074714660645 9.76440334320068
1964 07 01 00 16.4483337402344 16.3450202941895 16.1033134460449 15.5131425857544 13.9755620956421 13.2799100875854 12.6324424743652 11.9729814529419 11.0056915283203 10.1762971878052 9.95697498321533 9.91560935974121
1964 07 02 00 16.4846534729004 16.4548873901367 16.3795795440674 16.2258262634277 13.4906387329102 12.3071088790894 11.6521501541138 11.3610134124756 10.7867984771729 10.1748933792114 10.0333385467529 9.97226905822754
1964 07 03 00 16.5802688598633 16.4999866485596 16.4456157684326 16.0309448242188 12.7885007858276 11.2842741012573 10.7599124908447 10.7286787033081 10.5364770889282 10.0446033477783 9.85012912750244 9.8494234085083
1964 07 04 00 17.3722019195557 17.0581150054932 16.4818954467773 14.3226957321167 12.190299987793 11.0786447525024 10.7170782089233 10.5129051208496 10.2388772964478 9.77705192565918 9.41977596282959 9.44929599761963
1964 07 05 00 18.3600730895996 18.0383472442627 15.864574432373 12.9207572937012 11.5991220474243 11.1223430633545 10.917121887207 10.6360836029053 10.2450351715088 9.70945358276367 9.22849464416504 9.21511173248291
1964 07 06 00 17.9524345397949 17.9124298095703 16.8954772949219 13.6410207748413 11.8775997161865 11.6081819534302 11.3576526641846 10.8922853469849 10.3873853683472 9.87807178497314 9.33113574981689 9.1944637298584
1964 07 07 00 18.0955772399902 17.7965526580811 17.3736972808838 14.8754358291626 12.6442813873291 12.0684194564819 11.7253971099854 11.0736894607544 10.4394178390503 9.89648532867432 9.41483688354492 9.25667762756348
1964 07 08 00 16.9464530944824 16.9355926513672 16.8985157012939 16.2550048828125 14.416482925415 12.9192371368408 12.1400671005249 11.3707761764526 10.6464643478394 10.0325040817261 9.62696552276611 9.46383762359619
1964 07 09 00 15.747748374939 15.7475891113281 15.7461643218994 15.7437171936035 15.7365827560425 15.4556465148926 14.5660409927368 13.334771156311 11.5945644378662 10.4284496307373 9.83389759063721 9.69552135467529
1964 07 10 00 15.3620891571045 15.3620891571045 15.3620328903198 15.3615760803223 15.3607769012451 15.3594532012939 15.3573207855225 15.3246688842773 14.246618270874 11.4385995864868 9.99634265899658 9.78115367889404
1964 07 11 00 15.5275964736938 15.4737062454224 15.4433536529541 15.4332447052002 15.4186601638794 15.4010906219482 15.3505010604858 15.2929496765137 14.9329080581665 12.2084226608276 10.1018915176392 9.87092876434326
1964 07 12 00 16.0561923980713 15.9260740280151 15.6920785903931 15.5894031524658 15.5540285110474 15.512825012207 15.5082654953003 15.3532390594482 15.0748453140259 13.7298784255981 10.7970933914185 10.0360841751099
1964 07 13 00 16.4261646270752 16.4200687408447 16.3920726776123 16.2167224884033 15.8677921295166 15.6012401580811 15.5657329559326 15.216136932373 15.0859270095825 14.9403533935547 12.6171350479126 10.2631978988647
1964 07 14 00 16.4673118591309 16.4528121948242 16.4273929595947 16.3494987487793 16.1652812957764 15.8859853744507 15.7137498855591 15.4649267196655 15.3380336761475 15.0565385818481 14.0464859008789 10.7086458206177
1964 07 15 00 16.3827743530273 16.3621158599854 16.3205413818359 16.2771301269531 16.1742668151855 16.0619201660156 15.9032220840454 15.6406335830688 15.401047706604 15.052225112915 14.4374980926514 11.4970474243164
1964 07 16 00 16.7208118438721 16.5929546356201 16.40895652771 16.3491249084473 16.163423538208 15.9946784973145 15.8212251663208 15.6123046875 15.3402433395386 14.917950630188 13.9355611801147 11.9120121002197
1964 07 17 00 16.841646194458 16.8239059448242 16.7888126373291 16.6877346038818 16.3220329284668 16.00412940979 15.644362449646 15.3202619552612 14.8876285552979 14.245379447937 13.1548519134521 12.0623426437378
1964 07 18 00 16.8966083526611 16.8711090087891 16.8451404571533 16.7345600128174 16.669225692749 16.2040119171143 15.5605545043945 15.0411376953125 14.6212587356567 14.0409278869629 13.0295238494873 12.1279697418213
1964 07 19 00 17.0002784729004 16.9858531951904 16.9665908813477 16.9502124786377 16.9196071624756 16.3751316070557 15.4868717193604 14.821008682251 14.4223690032959 13.9326782226562 13.1444091796875 12.4224529266357
1964 07 20 00 17.1207656860352 17.103946685791 17.0760707855225 17.0337581634521 16.9886951446533 16.8931121826172 16.1119785308838 15.0370941162109 14.1916484832764 13.6162090301514 13.1241331100464 12.7760314941406
1964 07 21 00 17.1305255889893 17.1248760223389 17.1152038574219 17.1016368865967 17.0837821960449 16.9606742858887 16.24338722229 15.0471229553223 14.1626224517822 13.6170892715454 13.1950178146362 12.8274841308594
1964 07 22 00 17.6405162811279 17.4197864532471 17.2055511474609 17.1294174194336 17.091552734375 16.9878177642822 16.2112655639648 15.0461435317993 14.1612138748169 13.6478834152222 13.2174224853516 12.8417091369629
1964 07 23 00 17.796911239624 17.7763957977295 17.6636486053467 17.5608978271484 17.2524242401123 16.9374408721924 16.2344226837158 15.1173124313354 14.1652002334595 13.6208810806274 13.2373819351196 12.9357681274414
1964 07 24 00 17.8128490447998 17.7245750427246 17.6360664367676 17.6054058074951 17.5680980682373 17.0164966583252 16.1269779205322 15.0601673126221 14.2034854888916 13.6593494415283 13.2647171020508 13.0153818130493
1964 07 25 00 17.4363269805908 17.4330387115479 17.4269409179688 17.4179725646973 17.3962059020996 17.0547180175781 15.6859579086304 14.6294822692871 13.9623546600342 13.523624420166 13.2191724777222 13.0274324417114
1964 07 26 00 17.0688648223877 17.0693969726562 17.0675144195557 17.0646171569824 17.0604705810547 17.052433013916 16.9382724761963 16.3622512817383 14.8876218795776 13.7091264724731 13.18248462677 12.9954357147217
1964 07 27 00 16.8264656066895 16.8266563415527 16.8260040283203 16.8247299194336 16.8233509063721 16.8218021392822 16.816930770874 16.3327484130859 14.8621168136597 13.6700944900513 13.1908168792725 13.0397148132324
1964 07 28 00 16.7602252960205 16.7596969604492 16.7578163146973 16.7553253173828 16.7524681091309 16.7490882873535 16.7438735961914 16.3603630065918 14.9897203445435 13.7870502471924 13.2554121017456 13.074987411499
1964 07 29 00 16.5392398834229 16.5395984649658 16.5392837524414 16.5378551483154 16.5361289978027 16.5342044830322 16.531925201416 16.526683807373 16.1593799591064 14.8629179000854 13.6602735519409 13.0875873565674
1964 07 30 00 16.3091049194336 16.3095684051514 16.3092346191406 16.3080406188965 16.3064918518066 16.304594039917 16.3020191192627 16.297004699707 16.2616195678711 15.3305149078369 13.9563732147217 13.1865301132202
1964 07 31 00 16.0676918029785 16.0676918029785 16.06787109375 16.0668544769287 16.065502166748 16.0640869140625 16.0627326965332 16.0614185333252 16.0559902191162 15.4500951766968 14.124228477478 13.366870880127
1964 08 01 00 16.3471984863281 16.1693077087402 15.9969167709351 15.947883605957 15.9346771240234 15.9275846481323 15.9220523834229 15.9140901565552 15.8995218276978 15.3685712814331 13.9046192169189 13.2451219558716
1964 08 02 00 16.8819522857666 16.5825271606445 16.3317108154297 16.018669128418 15.9549684524536 15.9377841949463 15.9046144485474 15.8291940689087 15.7737159729004 15.0084733963013 13.7234144210815 13.1913909912109
1964 08 03 00 17.3217353820801 17.2750225067139 16.6706943511963 16.012523651123 15.9273118972778 15.919379234314 15.8625898361206 15.7474412918091 15.5540332794189 14.7902975082397 13.7304563522339 13.20348072052
1964 08 04 00 17.979850769043 17.76100730896 17.0458984375 16.1128463745117 15.8501300811768 15.8394212722778 15.8008317947388 15.5928020477295 15.2647171020508 14.6692571640015 13.8846731185913 13.2783479690552
1964 08 05 00 18.1489696502686 18.1019382476807 17.8478698730469 16.9312438964844 16.0554046630859 15.9038124084473 15.870795249939 15.6039190292358 15.1483745574951 14.6470251083374 14.0789356231689 13.4824151992798
1964 08 06 00 18.6051044464111 18.5650005340576 18.2801609039307 17.1087741851807 16.2697505950928 15.9801988601685 15.8948364257812 15.6107845306396 15.1290893554688 14.6702575683594 14.0900058746338 13.6222057342529
1964 08 07 00 18.9507923126221 18.916332244873 18.7455043792725 17.487678527832 16.5288505554199 16.1245822906494 15.9708595275879 15.6750240325928 15.1022310256958 14.5630197525024 14.0107431411743 13.6416301727295
1964 08 08 00 18.9553928375244 18.9428691864014 18.863712310791 17.9005813598633 16.7574806213379 16.2753086090088 16.0586051940918 15.7736396789551 15.1602020263672 14.4920177459717 13.925368309021 13.5592737197876
1964 08 09 00 19.1150569915771 19.0815238952637 18.9641284942627 18.2634353637695 17.0177459716797 16.3791790008545 16.1227703094482 15.8451452255249 15.3453121185303 14.7334718704224 14.0773696899414 13.5823993682861
1964 08 10 00 19.3997116088867 19.3597450256348 19.2015609741211 18.4134330749512 17.1904487609863 16.449089050293 16.1424789428711 15.8527193069458 15.4178819656372 14.9301633834839 14.2486248016357 13.6720705032349
1964 08 11 00 19.4067802429199 19.3696880340576 19.2736263275146 18.3114585876465 17.1254138946533 16.4389572143555 16.1148529052734 15.8169212341309 15.4292831420898 14.9788646697998 14.3161716461182 13.7191171646118
1964 08 12 00 19.4090137481689 19.3836650848389 19.2298469543457 18.1457996368408 17.013370513916 16.4041500091553 16.081392288208 15.7844686508179 15.4242029190063 14.998085975647 14.3641567230225 13.7525978088379
1964 08 13 00 19.1473159790039 19.1291980743408 19.0463962554932 17.7659950256348 16.8004245758057 16.3237953186035 16.0501251220703 15.7577199935913 15.4112958908081 14.9857397079468 14.3876714706421 13.7846965789795
1964 08 14 00 17.5674819946289 17.5601367950439 17.5429916381836 17.277515411377 16.1692237854004 15.8798532485962 15.8288850784302 15.6193084716797 15.2752323150635 14.7983684539795 14.2102890014648 13.7305068969727
1964 08 15 00 16.3780746459961 16.3549137115479 16.3340911865234 16.3067836761475 16.2168254852295 15.9085664749146 15.5360164642334 15.4518880844116 15.1998376846313 14.7533445358276 14.2298965454102 13.8364963531494
1964 08 16 00 16.3859405517578 16.3750400543213 16.3447780609131 16.1609210968018 15.8312969207764 15.6146249771118 15.4556379318237 15.4225559234619 15.1974468231201 14.8136377334595 14.3628797531128 14.0182666778564
1964 08 17 00 16.2633361816406 16.263500213623 16.2659130096436 16.2685375213623 15.8552875518799 15.8104114532471 15.4920845031738 15.4577302932739 15.1529626846313 14.7568311691284 14.3690710067749 14.0872650146484
1964 08 18 00 16.6135406494141 16.609806060791 16.6074104309082 16.6444129943848 16.5344734191895 16.3624324798584 15.8409538269043 15.6323823928833 15.3372182846069 14.9522161483765 14.5351123809814 14.1755504608154
1964 08 19 00 17.6797275543213 17.6657905578613 17.6435050964355 17.5369701385498 17.4601860046387 17.1986484527588 16.2045822143555 15.7327318191528 15.4204206466675 15.0532894134521 14.6408472061157 14.2359962463379
1964 08 20 00 18.6819438934326 18.6439361572266 18.441032409668 18.3140201568604 18.2655906677246 17.640007019043 16.6208763122559 16.0405750274658 15.6720809936523 15.27965259552 14.8323402404785 14.3374900817871
1964 08 21 00 19.3357181549072 19.2634105682373 19.1175746917725 19.0205497741699 18.6805763244629 17.8315982818604 16.8656024932861 16.258394241333 15.8399572372437 15.3947534561157 14.8987121582031 14.4069232940674
1964 08 22 00 19.4035797119141 19.3843650817871 19.3512897491455 19.2121105194092 18.8022232055664 17.8528308868408 16.9285049438477 16.343017578125 15.9098482131958 15.4116086959839 14.8944835662842 14.466872215271
1964 08 23 00 19.3337097167969 19.3197231292725 19.2964210510254 19.2502574920654 18.6255798339844 17.6010303497314 16.7470111846924 16.1615390777588 15.8802375793457 15.4847497940063 14.9990406036377 14.564492225647
1964 08 24 00 18.9322891235352 18.927375793457 18.9191360473633 18.9060325622559 18.8209114074707 17.2920436859131 16.4624061584473 15.943546295166 15.9411487579346 15.7383689880371 15.2492361068726 14.7130937576294
1964 08 25 00 18.6064910888672 18.605504989624 18.6018028259277 18.5949668884277 18.5685920715332 17.6901397705078 16.6671714782715 16.2954940795898 16.411434173584 16.2373218536377 15.6073894500732 14.8060512542725
1964 08 26 00 17.8638401031494 17.848503112793 17.8395175933838 17.843729019165 17.8535232543945 17.8295612335205 16.9286518096924 16.4960384368896 16.5051918029785 16.297191619873 15.6162452697754 14.7436609268188
1964 08 27 00 16.8574314117432 16.8552093505859 16.8661689758301 16.9227638244629 17.080207824707 17.1426372528076 16.7298393249512 16.2188663482666 16.1594066619873 15.9798440933228 15.5177803039551 14.8243227005005
1964 08 28 00 16.2031726837158 16.1681346893311 16.1309204101562 16.0721626281738 16.2120590209961 16.2105693817139 15.861572265625 15.6024398803711 15.6276836395264 15.5916738510132 15.3745250701904 14.9827327728271
1964 08 29 00 16.6120872497559 16.3347721099854 16.1283416748047 16.0686206817627 15.9377470016479 15.6452798843384 15.4865198135376 15.4600238800049 15.5122375488281 15.5212526321411 15.4765033721924 15.2329635620117
1964 08 30 00 17.1941566467285 17.0201034545898 16.3537483215332 16.1384449005127 15.9211292266846 15.7089366912842 15.6122932434082 15.5724830627441 15.6315803527832 15.6315650939941 15.5886249542236 15.3955049514771
1964 08 31 00 17.1167144775391 17.0743980407715 16.7997627258301 15.884069442749 15.742151260376 15.7239427566528 15.7665367126465 15.7858972549438 15.7797689437866 15.6501045227051 15.4424858093262 15.1869249343872
1964 09 01 00 17.11376953125 17.1005363464355 16.9903907775879 16.3112850189209 15.9456434249878 15.9303340911865 16.0311965942383 16.0042991638184 15.8188333511353 15.5484762191772 15.2722463607788 15.130090713501
1964 09 02 00 16.7313861846924 16.729663848877 16.7255191802979 16.7192325592041 16.7040882110596 16.4233074188232 16.3008995056152 16.3838577270508 16.2806148529053 15.7644634246826 15.291543006897 15.1094131469727
1964 09 03 00 16.6649150848389 16.6627979278564 16.654426574707 16.6261901855469 16.5955772399902 16.5325527191162 16.3814353942871 16.339298248291 16.3227920532227 15.9237070083618 15.4012384414673 15.1091766357422
1964 09 04 00 17.0025863647461 17.0003490447998 16.9930477142334 16.9714508056641 16.8161449432373 16.4723529815674 16.2669734954834 16.2381744384766 16.164571762085 15.9211311340332 15.5723123550415 15.1595573425293
1964 09 05 00 17.0946006774902 17.0948619842529 17.0930767059326 17.089822769165 17.0838012695312 16.9929904937744 16.5838813781738 16.4340362548828 16.3041076660156 15.9630136489868 15.574610710144 15.1568212509155
1964 09 06 00 16.9892959594727 16.9892959594727 16.9892311096191 16.9885673522949 16.9872627258301 16.9849014282227 16.9780025482178 16.8552684783936 16.4476051330566 16.0862808227539 15.6533946990967 15.2456789016724
1964 09 07 00 16.8912601470947 16.8914127349854 16.8913917541504 16.891242980957 16.890645980835 16.8882446289062 16.8837356567383 16.8790817260742 16.8744430541992 16.4635181427002 15.8764133453369 15.4174528121948
1964 09 08 00 16.834114074707 16.8315143585205 16.8261699676514 16.8191623687744 16.8126068115234 16.8047389984131 16.8015003204346 16.7982692718506 16.7936744689941 16.7367362976074 16.0862216949463 15.380952835083
1964 09 09 00 16.8586502075195 16.8531150817871 16.8076763153076 16.755199432373 16.7381916046143 16.7298641204834 16.7244243621826 16.7236804962158 16.716739654541 16.6666870117188 16.040433883667 15.2672843933105
1964 09 10 00 16.8357715606689 16.8315448760986 16.8046245574951 16.7806529998779 16.7206192016602 16.6951141357422 16.6807823181152 16.6761703491211 16.6631126403809 16.5466556549072 15.9851331710815 15.329176902771
1964 09 11 00 16.7931518554688 16.7908401489258 16.7878494262695 16.7946701049805 16.6965751647949 16.644681930542 16.6197357177734 16.595495223999 16.5215435028076 16.2809925079346 15.8265924453735 15.3887586593628
1964 09 12 00 16.9778060913086 16.9630870819092 16.9087696075439 16.8448352813721 16.7048282623291 16.6319141387939 16.5777816772461 16.5197296142578 16.4033699035645 16.2069091796875 15.8938102722168 15.4789886474609
1964 09 13 00 17.0503826141357 17.037748336792 17.0206985473633 16.9821662902832 16.8071269989014 16.6731033325195 16.5897006988525 16.505277633667 16.3834552764893 16.2239036560059 15.9774131774902 15.5952930450439
1964 09 14 00 17.1729431152344 17.1628608703613 17.1434898376465 17.0965538024902 16.9346294403076 16.7342777252197 16.6168766021729 16.5308818817139 16.4131679534912 16.2515697479248 16.0339469909668 15.7408256530762
1964 09 15 00 17.0300559997559 17.030237197876 17.0286903381348 17.0263919830322 17.0053977966309 16.9148292541504 16.772346496582 16.6403732299805 16.5210227966309 16.3568878173828 16.1468696594238 15.8490867614746
1964 09 16 00 16.8412742614746 16.8414058685303 16.8407135009766 16.8397960662842 16.8389205932617 16.8386707305908 16.8348236083984 16.7129459381104 16.5430526733398 16.3722324371338 16.1521739959717 15.7866773605347
1964 09 17 00 16.8707447052002 16.8692741394043 16.867317199707 16.8646373748779 16.8628845214844 16.861665725708 16.8589992523193 16.7556381225586 16.5803318023682 16.4043159484863 16.1927623748779 15.9089422225952
1964 09 18 00 16.8073501586914 16.8066291809082 16.8052959442139 16.8033199310303 16.8010673522949 16.7984256744385 16.7951564788818 16.7908802032471 16.7482376098633 16.5145683288574 16.2505302429199 16.007661819458
1964 09 19 00 16.7486362457275 16.7437839508057 16.7365474700928 16.7282390594482 16.7188396453857 16.7081432342529 16.705379486084 16.7060623168945 16.7230529785156 16.5930404663086 16.3276233673096 16.1182231903076
1964 09 20 00 16.626615524292 16.6263599395752 16.6253128051758 16.6347026824951 16.6641178131104 16.7034034729004 16.7153568267822 16.7168464660645 16.7261390686035 16.6206531524658 16.3250198364258 16.1143913269043
1964 09 21 00 16.5171089172363 16.517261505127 16.5164012908936 16.5159282684326 16.5193939208984 16.6104946136475 16.7075653076172 16.7167587280273 16.7213459014893 16.62282371521 16.3742542266846 16.1275997161865
1964 09 22 00 16.4731388092041 16.4730167388916 16.4718055725098 16.4703960418701 16.469633102417 16.4760494232178 16.6194190979004 16.6409511566162 16.6709175109863 16.5908317565918 16.3806381225586 16.1468772888184
1964 09 23 00 16.4258613586426 16.4246063232422 16.4203472137451 16.4150791168213 16.4086036682129 16.4096012115479 16.464075088501 16.5567760467529 16.5945739746094 16.5531845092773 16.3477115631104 16.1098117828369
1964 09 24 00 16.3605823516846 16.360408782959 16.3590641021729 16.3571891784668 16.3552436828613 16.3535461425781 16.3530750274658 16.3798847198486 16.4940891265869 16.5040245056152 16.3630275726318 16.1051750183105
1964 09 25 00 16.3457584381104 16.3438415527344 16.339168548584 16.3324375152588 16.3268051147461 16.3206806182861 16.3173084259033 16.3167972564697 16.3347644805908 16.414701461792 16.3983173370361 16.1609020233154
1964 09 26 00 16.321044921875 16.3202991485596 16.3170166015625 16.3125286102295 16.3084545135498 16.3053588867188 16.3029327392578 16.3010292053223 16.3068580627441 16.3212814331055 16.2320709228516 16.1203079223633
1964 09 27 00 16.2287197113037 16.228759765625 16.2276821136475 16.2245006561279 16.2159080505371 16.2118549346924 16.2141914367676 16.2275943756104 16.2729740142822 16.1760673522949 16.0278186798096 16.0017509460449
1964 09 28 00 16.1615314483643 16.1616477966309 16.1582889556885 16.146125793457 16.1369495391846 16.131965637207 16.1275539398193 16.140172958374 16.2017040252686 16.0853462219238 15.9134788513184 15.8676633834839
1964 09 29 00 16.1206340789795 16.1158409118652 16.0945358276367 16.0757713317871 16.063814163208 16.0598545074463 16.0491619110107 16.0600147247314 16.0821952819824 16.0181522369385 15.8537797927856 15.7131633758545
1964 09 30 00 16.0923347473145 16.0862216949463 16.0562286376953 16.0418605804443 16.0379085540771 16.0473937988281 15.9978189468384 15.967095375061 15.9646139144897 15.9290933609009 15.7870950698853 15.5872249603271
1964 10 01 00 16.0991630554199 16.0979328155518 16.0929164886475 16.0857944488525 16.0792064666748 16.0868434906006 16.0270843505859 15.9807577133179 15.9648590087891 15.9000701904297 15.7407360076904 15.5322341918945
1964 10 02 00 16.1039199829102 16.1029586791992 16.0980701446533 16.0916881561279 16.0936660766602 16.1218948364258 16.0893020629883 16.0317249298096 15.9572324752808 15.8291940689087 15.632495880127 15.4663200378418
1964 10 03 00 15.9884929656982 15.9869270324707 15.9769649505615 15.9630918502808 15.9384107589722 15.9841451644897 15.9699792861938 15.8740110397339 15.7404079437256 15.559045791626 15.2360820770264 15.1888771057129
1964 10 04 00 15.9240188598633 15.9177179336548 15.9062824249268 15.8776636123657 15.8532781600952 15.8704500198364 15.8846921920776 15.8111457824707 15.6554832458496 15.3840303421021 15.0324363708496 15.0376119613647
1964 10 05 00 15.9487428665161 15.9366827011108 15.9155626296997 15.9330978393555 15.8786602020264 15.8551845550537 15.8559732437134 15.7595462799072 15.5314035415649 15.1280193328857 14.7533531188965 14.7445087432861
1964 10 06 00 15.7938899993896 15.7937259674072 15.7926502227783 15.7922401428223 15.7981948852539 15.7569446563721 15.6644439697266 15.5220518112183 15.2181520462036 14.7758121490479 14.3783340454102 14.2540655136108
1964 10 07 00 15.6917018890381 15.6917676925659 15.6902551651001 15.68860912323 15.6885433197021 15.672999382019 15.5938739776611 15.4610500335693 15.2248687744141 14.9064226150513 14.5507287979126 14.2581806182861
1964 10 08 00 15.4533910751343 15.4533910751343 15.453221321106 15.4529027938843 15.4527750015259 15.4580125808716 15.5998373031616 15.5515975952148 15.3560676574707 15.0865478515625 14.7848720550537 14.4490718841553
1964 10 09 00 15.1884670257568 15.189058303833 15.1881275177002 15.1870965957642 15.1875295639038 15.1970844268799 15.4821968078613 15.5773906707764 15.4463243484497 15.1796264648438 14.8457183837891 14.5333671569824
1964 10 10 00 14.8814764022827 14.8836545944214 14.8829774856567 14.8821516036987 14.8831901550293 14.8923034667969 15.0208406448364 15.5342855453491 15.4890956878662 15.2192144393921 14.8548994064331 14.5237770080566
1964 10 11 00 14.6174745559692 14.6184320449829 14.6178092956543 14.6162919998169 14.615574836731 14.6196355819702 14.6379356384277 15.2303323745728 15.4438457489014 15.2952165603638 14.9417066574097 14.6137008666992
1964 10 12 00 14.4057645797729 14.4066257476807 14.4057083129883 14.4037971496582 14.402416229248 14.4040517807007 14.4229459762573 15.0427598953247 15.4059410095215 15.3363132476807 15.0285139083862 14.7149314880371
1964 10 13 00 14.1653661727905 14.1664066314697 14.1650333404541 14.1630659103394 14.161150932312 14.1607580184937 14.174334526062 14.7317342758179 15.3338670730591 15.3646144866943 15.1290855407715 14.8099298477173
1964 10 14 00 13.9876127243042 13.9888401031494 13.9877395629883 13.986180305481 13.9848775863647 13.9853963851929 13.9973850250244 14.4099807739258 15.180627822876 15.3648080825806 15.2419328689575 14.9705762863159
1964 10 15 00 13.8091430664062 13.8103885650635 13.8098430633545 13.8089380264282 13.8082904815674 13.8087463378906 13.8132028579712 13.8464727401733 14.6074838638306 15.2158069610596 15.2490119934082 15.0737009048462
1964 10 16 00 13.7495059967041 13.7510194778442 13.750955581665 13.7502498626709 13.7492303848267 13.749002456665 13.7508935928345 13.7604570388794 14.0443897247314 14.802939414978 15.1904525756836 15.1455564498901
1964 10 17 00 13.7713031768799 13.7715501785278 13.7603464126587 13.7534332275391 13.7463970184326 13.7423105239868 13.7456617355347 13.770302772522 14.0637788772583 14.5829887390137 15.100061416626 15.1530466079712
1964 10 18 00 13.7466011047363 13.7506809234619 13.7738027572632 13.7734098434448 13.7633018493652 13.7658462524414 13.783655166626 13.8441400527954 14.0719957351685 14.4197273254395 14.9074678421021 15.1261367797852
1964 10 19 00 13.7585153579712 13.7570323944092 13.7527494430542 13.7457637786865 13.7550039291382 13.8020124435425 13.8142795562744 13.9595928192139 14.1717185974121 14.4295463562012 14.7749643325806 14.9574413299561
1964 10 20 00 13.7004632949829 13.7003974914551 13.6990346908569 13.697958946228 13.7121725082397 13.7731342315674 13.8204355239868 14.0059490203857 14.2519607543945 14.4536952972412 14.6625375747681 14.7715702056885
1964 10 21 00 13.5982151031494 13.5974140167236 13.5975799560547 13.6405744552612 13.7308197021484 13.7819223403931 13.8661031723022 14.0763282775879 14.3016777038574 14.4565925598145 14.5817985534668 14.6789274215698
1964 10 22 00 13.532265663147 13.5322008132935 13.5317001342773 13.5369701385498 13.6423606872559 13.7835416793823 13.8699884414673 14.0394439697266 14.2663516998291 14.408483505249 14.546971321106 14.5939540863037
1964 10 23 00 13.5439176559448 13.544189453125 13.5440473556519 13.5435771942139 13.5439901351929 13.5496988296509 13.6848030090332 13.9361324310303 14.0964403152466 14.2423248291016 14.3444948196411 14.3685750961304
1964 10 24 00 13.39417552948 13.3954238891602 13.3944635391235 13.3929090499878 13.3915729522705 13.3918256759644 13.4059972763062 13.8412227630615 14.0114126205444 14.1726236343384 14.2371664047241 14.3737936019897
1964 10 25 00 13.3497552871704 13.3509340286255 13.3502311706543 13.3491201400757 13.3482618331909 13.3487424850464 13.3594970703125 13.5644025802612 13.8211812973022 14.0578308105469 14.1511096954346 14.1115322113037
1964 10 26 00 13.3453016281128 13.3464574813843 13.3432922363281 13.3432083129883 13.3564405441284 13.390248298645 13.5164928436279 13.6000089645386 13.6053781509399 13.538384437561 13.3631715774536 13.1934061050415
1964 10 27 00 13.048357963562 13.0470542907715 13.0447206497192 13.0534706115723 13.2927904129028 13.4265289306641 13.4246349334717 13.3085050582886 13.2319297790527 13.1810150146484 12.9573802947998 12.747145652771
1964 10 28 00 12.6623029708862 12.6618041992188 12.6620960235596 12.6900873184204 13.189432144165 13.1845092773438 13.0096235275269 12.8015804290771 12.7025709152222 12.6949815750122 12.6312942504883 12.6101722717285
1964 10 29 00 12.3564510345459 12.3554973602295 12.3532266616821 12.36439037323 12.7795848846436 12.8327732086182 12.7405033111572 12.6152544021606 12.6055068969727 12.6110219955444 12.5695571899414 12.5722961425781
1964 10 30 00 12.129451751709 12.1283159255981 12.1267004013062 12.1325454711914 12.4381284713745 12.5981960296631 12.6327924728394 12.6413450241089 12.6793012619019 12.6869049072266 12.630220413208 12.5835180282593
1964 10 31 00 11.9294109344482 11.9288387298584 11.9272928237915 11.9314231872559 12.1378736495972 12.5153217315674 12.6479463577271 12.6820850372314 12.7466526031494 12.7571411132812 12.7064867019653 12.6196432113647
1964 11 01 00 11.8275480270386 11.827278137207 11.8247175216675 11.8226070404053 11.8401479721069 12.4188423156738 12.6879081726074 12.7272357940674 12.777229309082 12.7740325927734 12.7395925521851 12.6555042266846
1964 11 02 00 11.8235359191895 11.822301864624 11.8187866210938 11.8165054321289 11.8248338699341 12.3459005355835 12.7350578308105 12.8092861175537 12.8291463851929 12.7983341217041 12.7448492050171 12.6758832931519
1964 11 03 00 11.7488899230957 11.749135017395 11.7477378845215 11.7472791671753 11.7548084259033 12.1779460906982 12.7892847061157 12.9549217224121 12.9534034729004 12.9020872116089 12.7970819473267 12.7119398117065
1964 11 04 00 11.7049055099487 11.7056798934937 11.7051448822021 11.7055101394653 11.7117080688477 11.8529586791992 12.7952728271484 12.9628276824951 12.9525537490845 12.8988780975342 12.8021430969238 12.7346992492676
1964 11 05 00 11.6545257568359 11.6543836593628 11.6533069610596 11.6525001525879 11.6551818847656 11.8252029418945 12.6233215332031 12.8874998092651 12.9024105072021 12.8688983917236 12.7893743515015 12.7442989349365
1964 11 06 00 11.6426515579224 11.6427173614502 11.6425762176514 11.6425685882568 11.6442127227783 11.8358850479126 12.4657325744629 12.8181762695312 12.8925638198853 12.8749446868896 12.7920722961426 12.742693901062
1964 11 07 00 11.6959829330444 11.6928701400757 11.6899604797363 11.6864604949951 11.6812114715576 11.7867860794067 12.3034524917603 12.7247610092163 12.8675146102905 12.8694467544556 12.8131065368652 12.7422714233398
1964 11 08 00 11.9273405075073 11.9285593032837 11.9282817840576 11.9277582168579 11.9276056289673 11.929126739502 11.9661264419556 12.1601600646973 12.617506980896 12.821328163147 12.8209743499756 12.7609815597534
1964 11 09 00 11.9917898178101 11.9921932220459 11.9921607971191 11.9920978546143 11.9921884536743 11.9927072525024 11.9950666427612 12.0443315505981 12.3422355651855 12.6893186569214 12.7807426452637 12.7619705200195
1964 11 10 00 12.022557258606 12.020941734314 12.0199451446533 12.0191507339478 12.0184602737427 12.0178604125977 12.0174331665039 12.0176200866699 12.021201133728 12.0984668731689 12.5488204956055 12.7608995437622
1964 11 11 00 11.9741487503052 11.9726552963257 11.9713125228882 11.9698724746704 11.9682130813599 11.9662485122681 11.963903427124 11.9609813690186 11.9576349258423 11.9637060165405 12.2485494613647 12.7091293334961
1964 11 12 00 12.0412645339966 12.0403833389282 12.0380897521973 12.0349292755127 12.0306358337402 12.0180721282959 11.9521036148071 11.9317035675049 11.9225120544434 11.9075441360474 11.9835033416748 12.5838670730591
1964 11 13 00 12.0771827697754 12.0761432647705 12.0735940933228 12.0712337493896 12.0644073486328 12.0218496322632 11.9080238342285 11.8481893539429 11.8526678085327 11.8454313278198 11.9804315567017 12.3127880096436
1964 11 14 00 11.8369779586792 11.8368263244629 11.8348693847656 11.8334255218506 11.8417186737061 11.8520603179932 11.860013961792 11.8204355239868 11.8192920684814 11.8193454742432 11.8368768692017 12.0270004272461
1964 11 15 00 11.5423374176025 11.5535583496094 11.56223487854 11.5543336868286 11.5360870361328 11.5085210800171 11.5002040863037 11.4660148620605 11.4702816009521 11.4817743301392 11.5216283798218 11.7440938949585
1964 11 16 00 11.5642509460449 11.5628604888916 11.5619592666626 11.5581579208374 11.3933420181274 11.3361530303955 11.3086547851562 11.2832908630371 11.2928352355957 11.3177995681763 11.3951177597046 11.5907154083252
1964 11 17 00 11.7104530334473 11.7101678848267 11.7087154388428 11.7012882232666 11.4513864517212 11.2814483642578 11.2695732116699 11.2733488082886 11.2775192260742 11.2982759475708 11.3467922210693 11.5365447998047
1964 11 18 00 11.6610689163208 11.6606750488281 11.6592769622803 11.6561641693115 11.624095916748 11.4882926940918 11.3488035202026 11.3076581954956 11.2955389022827 11.2991189956665 11.321494102478 11.468056678772
1964 11 19 00 11.3959655761719 11.3966836929321 11.3963823318481 11.395845413208 11.3953542709351 11.3945512771606 11.3486051559448 11.3135509490967 11.308798789978 11.3220806121826 11.3163385391235 11.3885879516602
1964 11 20 00 10.9508619308472 10.9577627182007 10.9616823196411 10.9623384475708 10.9619464874268 10.9609413146973 10.9601945877075 10.9617738723755 10.9930591583252 11.0802230834961 11.1286716461182 11.324746131897
1964 11 21 00 10.7404689788818 10.7421169281006 10.7422409057617 10.7424173355103 10.7435750961304 10.7474813461304 10.7588529586792 10.8316278457642 10.9001722335815 10.9402799606323 10.9962873458862 11.2575120925903
1964 11 22 00 10.5339202880859 10.535626411438 10.5361385345459 10.536301612854 10.5361843109131 10.5359869003296 10.5360193252563 10.5374450683594 10.544282913208 10.5737390518188 10.9352779388428 11.2169103622437
1964 11 23 00 10.340479850769 10.3419237136841 10.3419256210327 10.3410673141479 10.3405857086182 10.3416366577148 10.3487615585327 10.4255123138428 10.4759378433228 10.502326965332 10.9093017578125 11.1611738204956
1964 11 24 00 10.1437253952026 10.1480417251587 10.1492204666138 10.1497220993042 10.150444984436 10.1521034240723 10.1560554504395 10.174243927002 10.2387943267822 10.2676553726196 10.4305114746094 11.1748838424683
1964 11 25 00 9.93434524536133 9.93751335144043 9.93857479095459 9.93955707550049 9.94159984588623 9.94846439361572 9.99503898620605 10.0228700637817 10.0477714538574 10.0879545211792 10.1941967010498 10.9617691040039
1964 11 26 00 9.69110298156738 9.69020843505859 9.6898021697998 9.72315788269043 9.72869205474854 9.72977924346924 9.76950168609619 9.84782123565674 9.90109825134277 9.92532253265381 10.0164775848389 10.3879384994507
1964 11 27 00 9.48883819580078 9.49330139160156 9.49496269226074 9.49659061431885 9.49820041656494 9.50098037719727 9.50822925567627 9.5465726852417 9.73271369934082 9.82083129882812 9.87752819061279 10.1692314147949
1964 11 28 00 9.28025722503662 9.28406715393066 9.28564262390137 9.28663063049316 9.2874641418457 9.28879261016846 9.29131603240967 9.29675102233887 9.31717872619629 9.51362228393555 9.85917377471924 10.2460231781006
1964 11 29 00 9.1787576675415 9.18099880218506 9.18214225769043 9.18299198150635 9.18378734588623 9.18482780456543 9.18633556365967 9.18873023986816 9.19311904907227 9.20396995544434 9.29197788238525 10.0720634460449
1964 11 30 00 9.11067771911621 9.11116123199463 9.11157989501953 9.11150741577148 9.11126613616943 9.11103343963623 9.11088371276855 9.11091041564941 9.11129283905029 9.11275768280029 9.12143325805664 9.37672996520996
1964 12 01 00 9.05005931854248 9.05159664154053 9.05272960662842 9.05288696289062 9.05288314819336 9.05290794372559 9.05313205718994 9.0537805557251 9.05537986755371 9.05988883972168 9.07443904876709 9.21767520904541
1964 12 02 00 8.99926471710205 9.00003719329834 9.00058269500732 9.00117015838623 9.00187015533447 9.00277042388916 9.0041332244873 9.00686740875244 9.014404296875 9.09853744506836 9.24106311798096 9.29123020172119
1964 12 03 00 8.99609088897705 8.9963321685791 8.99649906158447 8.99858283996582 8.98813343048096 8.94100570678711 8.93222904205322 8.93277549743652 8.9346284866333 8.96434307098389 8.99227714538574 8.99985408782959
1964 12 04 00 8.94867897033691 8.94858074188232 8.94788455963135 8.94932079315186 8.96832180023193 8.94766426086426 8.94251537322998 8.93988800048828 8.93849468231201 8.94411468505859 8.94623851776123 8.92742347717285
1964 12 05 00 8.88093757629395 8.8816089630127 8.88106918334961 8.88030433654785 8.87979316711426 8.88257312774658 8.89512157440186 8.90169048309326 8.91348171234131 8.91981410980225 8.92120742797852 8.91901206970215
1964 12 06 00 8.75333213806152 8.75387001037598 8.75359916687012 8.75310516357422 8.75253200531006 8.75193786621094 8.75137710571289 8.75106620788574 8.75442409515381 8.76381587982178 8.77154064178467 8.86008071899414
1964 12 07 00 8.5903491973877 8.59187984466553 8.59186840057373 8.59139633178711 8.59064674377441 8.58981513977051 8.58899116516113 8.58848667144775 8.58875751495361 8.59254837036133 8.62072086334229 8.79332160949707
1964 12 08 00 8.47852802276611 8.47844982147217 8.47977733612061 8.50795841217041 8.53102397918701 8.53894138336182 8.53970527648926 8.539306640625 8.55397605895996 8.57951259613037 8.69093036651611 8.83468437194824
1964 12 09 00 8.36398029327393 8.3637809753418 8.36369609832764 8.37635803222656 8.55127334594727 8.57271289825439 8.57271289825439 8.57295513153076 8.61662101745605 8.64128494262695 8.69699001312256 8.78280067443848
1964 12 10 00 8.14547538757324 8.1456127166748 8.14422130584717 8.14351367950439 8.1667013168335 8.26033115386963 8.36251354217529 8.41866016387939 8.440016746521 8.47651958465576 8.59079170227051 8.69765567779541
1964 12 11 00 8.09139347076416 8.09221935272217 8.09237957000732 8.09207725524902 8.09178447723389 8.09175777435303 8.09264469146729 8.1118745803833 8.14818572998047 8.16055774688721 8.24444198608398 8.55958938598633
1964 12 12 00 8.0915470123291 8.09217357635498 8.09236335754395 8.09225654602051 8.09184741973877 8.09137153625488 8.09093761444092 8.09063243865967 8.09134674072266 8.09524631500244 8.13697719573975 8.38478755950928
1964 12 13 00 8.01536750793457 8.01780223846436 8.01819705963135 8.01790809631348 8.01750469207764 8.01720333099365 8.01726531982422 8.01827239990234 8.02241039276123 8.05756664276123 8.31545925140381 8.45586967468262
1964 12 14 00 7.87349033355713 7.87402629852295 7.87462997436523 7.87409782409668 7.87331342697144 7.8725848197937 7.87214756011963 7.87247371673584 7.87511396408081 7.89546966552734 8.25070095062256 8.49377059936523
1964 12 15 00 7.62151765823364 7.6230525970459 7.62473344802856 7.65727996826172 7.70919227600098 7.73548316955566 7.74775648117065 7.75058126449585 7.75852298736572 7.78594350814819 8.15423393249512 8.50211811065674
1964 12 16 00 7.32137966156006 7.32100343704224 7.32090902328491 7.34159421920776 7.4185676574707 7.5651478767395 7.71002578735352 7.74634456634521 7.78268575668335 7.79901742935181 8.02149105072021 8.30047798156738
1964 12 17 00 7.42329740524292 7.42329740524292 7.42329740524292 7.42329740524292 7.42170381546021 7.4247932434082 7.56305694580078 7.70042514801025 7.83640146255493 7.84764766693115 7.89074993133545 8.02017211914062
1964 12 18 00 7.56187009811401 7.56187009811401 7.56187009811401 7.56145524978638 7.54856252670288 7.53154182434082 7.61110305786133 7.7310357093811 7.81608963012695 7.78508567810059 7.85821151733398 7.97241020202637
1964 12 19 00 7.57975625991821 7.57975625991821 7.57975625991821 7.57975625991821 7.57946538925171 7.57469034194946 7.65993309020996 7.77486562728882 7.78674125671387 7.82900905609131 7.99465799331665 8.08263301849365
1964 12 20 00 7.574134349823 7.574134349823 7.574134349823 7.574134349823 7.57406234741211 7.57364320755005 7.62152719497681 7.83775949478149 7.84750366210938 7.87872743606567 8.0028600692749 8.06849670410156
1964 12 21 00 7.63749742507935 7.63749742507935 7.63749742507935 7.63749742507935 7.63749742507935 7.63813734054565 7.64017772674561 7.68144083023071 7.72582244873047 7.79770469665527 7.95039415359497 8.0085334777832
1964 12 22 00 7.68396806716919 7.68396806716919 7.68396806716919 7.68396806716919 7.68384122848511 7.68366098403931 7.68280982971191 7.68168354034424 7.67949962615967 7.71060562133789 7.89720392227173 7.98460626602173
1964 12 23 00 7.77155828475952 7.77159976959229 7.77137088775635 7.77091121673584 7.7704119682312 7.76997947692871 7.77011728286743 7.76726722717285 7.7469367980957 7.79239320755005 7.93690872192383 7.98558807373047
1964 12 24 00 7.70489740371704 7.70489740371704 7.70489311218262 7.7046422958374 7.70392465591431 7.70421886444092 7.71067047119141 7.77080011367798 7.79142093658447 7.8364634513855 7.93107604980469 7.99536991119385
1964 12 25 00 7.63443756103516 7.63443756103516 7.63447999954224 7.6342306137085 7.63390111923218 7.63357067108154 7.63372468948364 7.63828325271606 7.6980938911438 7.77779388427734 7.86442852020264 8.00619888305664
1964 12 26 00 7.63153839111328 7.62911081314087 7.62760400772095 7.62630271911621 7.62488603591919 7.62340402603149 7.62184286117554 7.63122415542603 7.68698167800903 7.75732612609863 7.86017608642578 7.99615907669067
1964 12 27 00 7.68021774291992 7.68004560470581 7.67955780029297 7.67891120910645 7.67830991744995 7.67786264419556 7.67880153656006 7.68493604660034 7.71328783035278 7.75070238113403 7.81332874298096 7.92338371276855
1964 12 28 00 7.5924768447876 7.59330940246582 7.59278011322021 7.59208059310913 7.5919075012207 7.59395599365234 7.61592245101929 7.71267318725586 7.73257112503052 7.75772094726562 7.81810140609741 7.88984441757202
1964 12 29 00 7.50152206420898 7.50152206420898 7.50152206420898 7.50155210494995 7.50147008895874 7.50143814086914 7.50206136703491 7.5129451751709 7.54984140396118 7.62144613265991 7.73597812652588 7.80333423614502
1964 12 30 00 7.38942289352417 7.39150190353394 7.39273595809937 7.39249467849731 7.39184999465942 7.39111804962158 7.39049768447876 7.39021301269531 7.39064788818359 7.39269685745239 7.39866495132446 7.45083713531494
1964 12 31 00 7.04336738586426 7.04678773880005 7.04712247848511 7.04657649993896 7.04614543914795 7.04803133010864 7.05665493011475 7.08698749542236 7.13065576553345 7.13727617263794 7.14064073562622 7.19150495529175
