1964 01 01 0 0.0106979673728347
1964 01 02 0 0.0547879263758659
1964 01 03 0 0.0370003022253513
1964 01 04 0 0.0244804322719574
1964 01 05 0 0.00176027661655098
1964 01 06 0 0.00352977588772774
1964 01 07 0 0.00382766150869429
1964 01 08 0 0.00741041637957096
1964 01 09 0 0.061104878783226
1964 01 10 0 0.0785423070192337
1964 01 11 0 0.152377665042877
1964 01 12 0 0.0570433437824249
1964 01 13 0 0.0109774181619287
1964 01 14 0 0.0149469617754221
1964 01 15 0 0.00533622596412897
1964 01 16 0 0.00769527209922671
1964 01 17 0 0.0020288797095418
1964 01 18 0 0.00272050616331398
1964 01 19 0 0.00680923229083419
1964 01 20 0 0.00981885567307472
1964 01 21 0 0.00810954533517361
1964 01 22 0 0.00702224485576153
1964 01 23 0 0.00548847997561097
1964 01 24 0 0.00554834213107824
1964 01 25 0 0.00154153036419302
1964 01 26 0 0.000545089365914464
1964 01 27 0 0.00389755517244339
1964 01 28 0 0.00756725668907166
1964 01 29 0 0.0194661282002926
1964 01 30 0 0.00294177467003465
1964 01 31 0 0.00343953748233616
1964 02 01 0 0.00409097829833627
1964 02 02 0 0.00260587059892714
1964 02 03 0 0.00197362131439149
1964 02 04 0 0.00133889040444046
1964 02 05 0 0.00306682591326535
1964 02 06 0 0.00288509763777256
1964 02 07 0 0.00875655189156532
1964 02 08 0 0.0156288482248783
1964 02 09 0 0.00373923801817
1964 02 10 0 0.00416625291109085
1964 02 11 0 0.00143072474747896
1964 02 12 0 0.000748386664781719
1964 02 13 0 0.00221694889478385
1964 02 14 0 0.00534984422847629
1964 02 15 0 0.0090383505448699
1964 02 16 0 0.0151441944763064
1964 02 17 0 0.0073404791764915
1964 02 18 0 0.00266390759497881
1964 02 19 0 0.0027130248490721
1964 02 20 0 0.00690624490380287
1964 02 21 0 0.00308097945526242
1964 02 22 0 0.00363061320967972
1964 02 23 0 0.000929121393710375
1964 02 24 0 0.00134154036641121
1964 02 25 0 0.000969209300819784
1964 02 26 0 0.00284444540739059
1964 02 27 0 0.00781430397182703
1964 02 28 0 0.00394392805173993
1964 02 29 0 0.00394392805173993
1964 03 01 0 0.00641180109232664
1964 03 02 0 0.00678323209285736
1964 03 03 0 0.0112377610057592
1964 03 04 0 0.00570348091423512
1964 03 05 0 0.00192315026652068
1964 03 06 0 0.000798574299551547
1964 03 07 0 0.000817679916508496
1964 03 08 0 0.00109569588676095
1964 03 09 0 0.00140706670936197
1964 03 10 0 0.00104008207563311
1964 03 11 0 0.00129614491015673
1964 03 12 0 0.00451476452872157
1964 03 13 0 0.0148281026631594
1964 03 14 0 0.0192539487034082
1964 03 15 0 0.0168486591428518
1964 03 16 0 0.012641217559576
1964 03 17 0 0.0111441351473331
1964 03 18 0 0.00709747197106481
1964 03 19 0 0.00315453042276204
1964 03 20 0 0.000895166769623756
1964 03 21 0 0.0256242509931326
1964 03 22 0 0.0220356378704309
1964 03 23 0 0.00205553439445794
1964 03 24 0 0.00430806539952755
1964 03 25 0 0.00788594782352448
1964 03 26 0 0.0125746689736843
1964 03 27 0 0.00103734456934035
1964 03 28 0 0.00238861376419663
1964 03 29 0 0.00185632857028395
1964 03 30 0 0.0414126627147198
1964 03 31 0 0.00753042940050364
1964 04 01 0 0.0502418279647827
1964 04 02 0 0.0298005416989326
1964 04 03 0 0.00374389998614788
1964 04 04 0 0.00044710686779581
1964 04 05 0 0.00206165877170861
1964 04 06 0 0.00283593451604247
1964 04 07 0 0.0016432834090665
1964 04 08 0 0.000961136305704713
1964 04 09 0 0.00043212715536356
1964 04 10 0 0.00113652972504497
1964 04 11 0 0.000870548305101693
1964 04 12 0 0.00434534670785069
1964 04 13 0 0.00399763509631157
1964 04 14 0 0.00212341919541359
1964 04 15 0 0.00148135318886489
1964 04 16 0 0.00235858489759266
1964 04 17 0 0.00105830852407962
1964 04 18 0 0.00142373563721776
1964 04 19 0 0.00326507398858666
1964 04 20 0 0.00482487678527832
1964 04 21 0 0.00432279100641608
1964 04 22 0 0.00280637782998383
1964 04 23 0 0.00144752894993871
1964 04 24 0 0.00149242719635367
1964 04 25 0 0.000491510727442801
1964 04 26 0 0.000396457558963448
1964 04 27 0 0.00048500852426514
1964 04 28 0 0.000991252018138766
1964 04 29 0 0.000843596237245947
1964 04 30 0 0.00164325057994574
1964 05 01 0 0.00185815955046564
1964 05 02 0 0.00216721999458969
1964 05 03 0 0.00457553379237652
1964 05 04 0 0.0054543730802834
1964 05 05 0 0.00596041791141033
1964 05 06 0 0.00404853653162718
1964 05 07 0 0.00194223725702614
1964 05 08 0 0.000775275460910052
1964 05 09 0 0.000428993778768927
1964 05 10 0 0.00939152576029301
1964 05 11 0 0.000502845679875463
1964 05 12 0 0.000418471550801769
1964 05 13 0 0.00800835248082876
1964 05 14 0 0.00150857924018055
1964 05 15 0 0.00100278947502375
1964 05 16 0 0.000795044004917145
1964 05 17 0 0.00337440590374172
1964 05 18 0 0.00128036516252905
1964 05 19 0 0.00144857820123434
1964 05 20 0 0.00292460853233933
1964 05 21 0 0.00280394917353988
1964 05 22 0 0.00196547666564584
1964 05 23 0 0.00148034002631903
1964 05 24 0 0.00119250186253339
1964 05 25 0 0.00037103914655745
1964 05 26 0 0.000797951826825738
1964 05 27 0 0.00191231293138117
1964 05 28 0 0.000992825487628579
1964 05 29 0 0.000226335629122332
1964 05 30 0 0.000412609457271174
1964 05 31 0 0.00128277926705778
1964 06 01 0 0.00142021698411554
1964 06 02 0 0.00159414811059833
1964 06 03 0 0.00288076745346189
1964 06 04 0 0.00168499955907464
1964 06 05 0 0.00114341208245605
1964 06 06 0 0.00367575907148421
1964 06 07 0 0.00290073128417134
1964 06 08 0 0.00132706551812589
1964 06 09 0 0.00372025393880904
1964 06 10 0 0.00370903289876878
1964 06 11 0 0.00228384719230235
1964 06 12 0 0.000729420105926692
1964 06 13 0 0.000351808761479333
1964 06 14 0 0.00122126087080687
1964 06 15 0 0.00179194251541048
1964 06 16 0 0.00185913010500371
1964 06 17 0 0.000268155039520934
1964 06 18 0 0.000887762347701937
1964 06 19 0 0.00243198405951262
1964 06 20 0 0.000560803106054664
1964 06 21 0 0.000466353376396
1964 06 22 0 0.00150698213838041
1964 06 23 0 0.00177673227153718
1964 06 24 0 0.00103198771830648
1964 06 25 0 0.000504653842654079
1964 06 26 0 0.000291270756861195
1964 06 27 0 0.000838037813082337
1964 06 28 0 0.00136732042301446
1964 06 29 0 0.00221409345977008
1964 06 30 0 0.00152147945482284
1964 07 01 0 0.00209521967917681
1964 07 02 0 0.00474168779328465
1964 07 03 0 0.00549730286002159
1964 07 04 0 0.00406529987230897
1964 07 05 0 0.0026491042226553
1964 07 06 0 0.00208004750311375
1964 07 07 0 0.00210292055271566
1964 07 08 0 0.0121438037604094
1964 07 09 0 0.050068661570549
1964 07 10 0 0.0291494932025671
1964 07 11 0 0.00198623607866466
1964 07 12 0 0.00130471412558109
1964 07 13 0 0.000883635540958494
1964 07 14 0 0.000709746091160923
1964 07 15 0 0.000246002920903265
1964 07 16 0 0.000190029357327148
1964 07 17 0 0.00176033296156675
1964 07 18 0 0.00201653223484755
1964 07 19 0 0.00130270898807794
1964 07 20 0 0.000827429001219571
1964 07 21 0 0.000341585604473948
1964 07 22 0 0.00027548655634746
1964 07 23 0 0.000426754559157416
1964 07 24 0 0.000291955249849707
1964 07 25 0 0.0233030151575804
1964 07 26 0 0.0336464382708073
1964 07 27 0 0.000924413674511015
1964 07 28 0 0.00100536737591028
1964 07 29 0 0.00428752461448312
1964 07 30 0 0.00433025322854519
1964 07 31 0 0.00192773330491036
1964 08 01 0 0.000453952612588182
1964 08 02 0 0.00111802609171718
1964 08 03 0 0.00393198803067207
1964 08 04 0 0.00611457508057356
1964 08 05 0 0.00478334724903107
1964 08 06 0 0.00417867861688137
1964 08 07 0 0.00301345018669963
1964 08 08 0 0.000891103642061353
1964 08 09 0 0.000482688046758994
1964 08 10 0 0.000133221124997362
1964 08 11 0 0.00024960094015114
1964 08 12 0 9.93999201455154e-05
1964 08 13 0 0.000929416855797172
1964 08 14 0 0.0336773470044136
1964 08 15 0 0.0446729250252247
1964 08 16 0 0.100081369280815
1964 08 17 0 0.138804093003273
1964 08 18 0 0.0698958933353424
1964 08 19 0 0.0255892649292946
1964 08 20 0 0.005841632373631
1964 08 21 0 0.00180783239193261
1964 08 22 0 0.000467788631794974
1964 08 23 0 0.00118588237091899
1964 08 24 0 0.00103253615088761
1964 08 25 0 0.000785699987318367
1964 08 26 0 0.00128211965784431
1964 08 27 0 0.00300172087736428
1964 08 28 0 0.00444853771477938
1964 08 29 0 0.00468223169445992
1964 08 30 0 0.00369000970385969
1964 08 31 0 0.00197619223035872
1964 09 01 0 0.00177358707878739
1964 09 02 0 0.0021179155446589
1964 09 03 0 0.00048255012370646
1964 09 04 0 0.000196817141841166
1964 09 05 0 0.0118782790377736
1964 09 06 0 0.0262231528759003
1964 09 07 0 0.00428536906838417
1964 09 08 0 0.00172339600976557
1964 09 09 0 0.00117934797890484
1964 09 10 0 0.0039110966026783
1964 09 11 0 0.00972233898937702
1964 09 12 0 0.0111283585429192
1964 09 13 0 0.00978062115609646
1964 09 14 0 0.0124588906764984
1964 09 15 0 0.00393047695979476
1964 09 16 0 0.00260379957035184
1964 09 17 0 0.00200546439737082
1964 09 18 0 0.01122229360044
1964 09 19 0 0.0055541661567986
1964 09 20 0 0.00626577064394951
1964 09 21 0 0.00381995853967965
1964 09 22 0 0.000434058223618194
1964 09 23 0 0.000733945867978036
1964 09 24 0 0.000922229257412255
1964 09 25 0 0.00147616281174123
1964 09 26 0 0.00380601966753602
1964 09 27 0 0.00228991406038404
1964 09 28 0 0.000862054992467165
1964 09 29 0 0.00196945737116039
1964 09 30 0 0.00143469008617103
1964 10 01 0 0.00121487665455788
1964 10 02 0 0.00364493345841765
1964 10 03 0 0.00310826255008578
1964 10 04 0 0.00212579919025302
1964 10 05 0 0.00033810842433013
1964 10 06 0 0.0434078760445118
1964 10 07 0 0.129688188433647
1964 10 08 0 0.0313559025526047
1964 10 09 0 0.00669092545285821
1964 10 10 0 0.00440918933600187
1964 10 11 0 0.00474753510206938
1964 10 12 0 0.00616175308823586
1964 10 13 0 0.00458160322159529
1964 10 14 0 0.00711325975134969
1964 10 15 0 0.0569374971091747
1964 10 16 0 0.0152462255209684
1964 10 17 0 0.000513819162733853
1964 10 18 0 0.00166953646112233
1964 10 19 0 0.00161698274314404
1964 10 20 0 0.00156223168596625
1964 10 21 0 0.00423175422474742
1964 10 22 0 0.00755538931116462
1964 10 23 0 0.0161137022078037
1964 10 24 0 0.00410134065896273
1964 10 25 0 0.00486295204609632
1964 10 26 0 0.00394473224878311
1964 10 27 0 0.00131874077487737
1964 10 28 0 0.0100565161556005
1964 10 29 0 0.00658942805603147
1964 10 30 0 0.00328132184222341
1964 10 31 0 0.00392904784530401
1964 11 01 0 0.00191434368025512
1964 11 02 0 0.00179668434429914
1964 11 03 0 0.00262790103442967
1964 11 04 0 0.00292039406485856
1964 11 05 0 0.00121003016829491
1964 11 06 0 0.000333277799654752
1964 11 07 0 0.000782801944296807
1964 11 08 0 0.0156610980629921
1964 11 09 0 0.0263412874191999
1964 11 10 0 0.0281403549015522
1964 11 11 0 0.0104197803884745
1964 11 12 0 0.00827252585440874
1964 11 13 0 0.00601051934063435
1964 11 14 0 0.103246778249741
1964 11 15 0 0.00963237788528204
1964 11 16 0 0.00278241303749382
1964 11 17 0 0.000698344432748854
1964 11 18 0 0.0234017483890057
1964 11 19 0 0.113158576190472
1964 11 20 0 0.0130135109648108
1964 11 21 0 0.000985271413810551
1964 11 22 0 0.00688497675582767
1964 11 23 0 0.0157410763204098
1964 11 24 0 0.0113613624125719
1964 11 25 0 0.00473952572792768
1964 11 26 0 0.00150445813778788
1964 11 27 0 0.00239516934379935
1964 11 28 0 0.00532502820715308
1964 11 29 0 0.0605358071625233
1964 11 30 0 0.0686200633645058
1964 12 01 0 0.0124617386609316
1964 12 02 0 0.00197625136934221
1964 12 03 0 0.00132924423087388
1964 12 04 0 0.0179983042180538
1964 12 05 0 0.0779765248298645
1964 12 06 0 0.0746059343218803
1964 12 07 0 0.00326449028216302
1964 12 08 0 0.00435832841321826
1964 12 09 0 0.00516862282529473
1964 12 10 0 0.0160272773355246
1964 12 11 0 0.0148171596229076
1964 12 12 0 0.0161801930516958
1964 12 13 0 0.0004251534701325
1964 12 14 0 0.0037369099445641
1964 12 15 0 0.00586012192070484
1964 12 16 0 0.00885309092700481
1964 12 17 0 0.0080370120704174
1964 12 18 0 0.00342701189219952
1964 12 19 0 0.00200911262072623
1964 12 20 0 0.00175878684967756
1964 12 21 0 0.00268940953537822
1964 12 22 0 0.0254435390233994
1964 12 23 0 0.00982975214719772
1964 12 24 0 0.00209705508314073
1964 12 25 0 0.00948540028184652
1964 12 26 0 0.00441894959658384
1964 12 27 0 0.00502195162698627
1964 12 28 0 0.00570705626159906
1964 12 29 0 0.0243205670267344
1964 12 30 0 0.0183898508548737
1964 12 31 0 0.0185264050960541
