1964 01 01 00 5.73207330703735 5.73209571838379 5.73143339157104 5.73526334762573 5.85685873031616 6.28737354278564 6.66956090927124 7.04895401000977 7.26763343811035 7.28868007659912
1964 01 02 00 5.48977994918823 5.48992204666138 5.4893946647644 5.48892211914062 5.49084901809692 5.58063459396362 5.81061792373657 6.48272466659546 6.9363579750061 7.00180339813232
1964 01 03 00 5.62217473983765 5.62221050262451 5.62212800979614 5.62200450897217 5.62186098098755 5.6216835975647 5.62004089355469 5.65076971054077 5.70552444458008 5.73190927505493
1964 01 04 00 5.37525987625122 5.37525987625122 5.37525987625122 5.37525987625122 5.37525987625122 5.37525987625122 5.37525987625122 5.37525987625122 5.37525987625122 5.37525987625122
1964 01 05 00 5.28483152389526 5.29531383514404 5.30015468597412 5.30296564102173 5.30120706558228 5.29941034317017 5.29970359802246 5.2995400428772 5.29301691055298 5.31468057632446
1964 01 06 00 5.2371506690979 5.28572988510132 5.41970872879028 5.61828327178955 5.69181728363037 5.71261644363403 5.69149923324585 5.61688566207886 5.49941492080688 5.46700525283813
1964 01 07 00 5.46642208099365 5.4655385017395 5.46547842025757 5.53492593765259 5.68366813659668 5.85012817382812 5.98130989074707 5.90542268753052 5.74569082260132 5.72765159606934
1964 01 08 00 5.63542461395264 5.63487195968628 5.63356828689575 5.63495922088623 5.60241365432739 5.49546527862549 5.66489171981812 5.82457065582275 5.85872411727905 5.8431830406189
1964 01 09 00 5.67680501937866 5.67619657516479 5.67401599884033 5.67023038864136 5.65674591064453 5.33458089828491 5.35044717788696 5.64718055725098 5.79007434844971 5.80122089385986
1964 01 10 00 5.39427947998047 5.39438009262085 5.39407920837402 5.39371538162231 5.38002061843872 5.3251690864563 5.32138061523438 5.40290260314941 5.43285608291626 5.48434638977051
1964 01 11 00 4.83960294723511 4.83960294723511 4.83960294723511 4.83960294723511 4.83960294723511 4.83960294723511 4.83960294723511 4.83960294723511 4.83960294723511 4.83960294723511
1964 01 12 00 4.82847213745117 4.82847213745117 4.82847213745117 4.82847213745117 4.82847213745117 4.82847213745117 4.82847213745117 4.82847213745117 4.82847213745117 4.82847213745117
1964 01 13 00 4.86165904998779 4.86593961715698 4.86765718460083 4.86822557449341 4.87274026870728 4.87525463104248 4.87696695327759 4.87959671020508 4.8709192276001 4.86665725708008
1964 01 14 00 4.75775051116943 4.75892210006714 4.75930738449097 4.75943803787231 4.76161241531372 4.76352500915527 4.76467514038086 4.76600456237793 4.76615905761719 4.77143669128418
1964 01 15 00 4.70427370071411 4.70426845550537 4.70413589477539 4.70442342758179 4.71659898757935 4.73711919784546 4.74899768829346 4.75724124908447 4.74900436401367 4.73293972015381
1964 01 16 00 5.117760181427 5.11736726760864 5.11660480499268 5.11611843109131 5.02602529525757 4.88863611221313 4.89133453369141 4.87729358673096 4.80660104751587 4.79249620437622
1964 01 17 00 5.2216625213623 5.21942520141602 5.21834516525269 5.16100215911865 4.9195032119751 4.80183792114258 4.83941411972046 4.91703224182129 4.87681436538696 4.86629915237427
1964 01 18 00 4.98655319213867 4.98442554473877 4.98753261566162 4.99821090698242 4.8108081817627 4.69949150085449 4.74958992004395 5.10096025466919 5.01333618164062 4.96987676620483
1964 01 19 00 5.26706838607788 5.26702785491943 5.28182601928711 5.40375900268555 5.45460605621338 5.49176740646362 5.4977445602417 5.46683931350708 5.28265380859375 5.21178197860718
1964 01 20 00 4.8371467590332 4.83799171447754 4.96051979064941 5.16366672515869 5.36215829849243 5.67623853683472 5.83400297164917 5.94339227676392 5.89259481430054 5.88719511032104
1964 01 21 00 4.85406255722046 4.85442352294922 5.07623720169067 5.20515632629395 5.31452131271362 5.53466129302979 5.84253597259521 6.04460573196411 6.13809251785278 6.13836431503296
1964 01 22 00 4.8426833152771 4.8419189453125 5.03768348693848 5.18637990951538 5.31916856765747 5.46150732040405 5.70221471786499 5.89261531829834 5.99936866760254 5.99837875366211
1964 01 23 00 4.8014063835144 4.79938316345215 4.83444213867188 5.05845975875854 5.2402663230896 5.40432548522949 5.5947904586792 5.77883863449097 5.86747217178345 5.86026763916016
1964 01 24 00 4.59039163589478 4.59029960632324 4.60044431686401 4.7847056388855 5.15456247329712 5.41117477416992 5.60042810440063 5.76836824417114 5.69669246673584 5.64603042602539
1964 01 25 00 4.53825187683105 4.53739452362061 4.53893852233887 4.61466026306152 5.14559316635132 5.55805397033691 5.68731355667114 5.75907754898071 5.64777135848999 5.45489168167114
1964 01 26 00 4.30893230438232 4.31178283691406 4.32230424880981 4.64450645446777 5.28000688552856 5.59331846237183 5.69972562789917 5.66413259506226 5.60587978363037 5.38494873046875
1964 01 27 00 4.31622886657715 4.31447696685791 4.31637287139893 4.5310230255127 5.18174886703491 5.51272010803223 5.48329067230225 5.44145917892456 5.43363189697266 5.43290567398071
1964 01 28 00 4.40254592895508 4.40266180038452 4.40548992156982 4.52422428131104 4.88827610015869 5.23002099990845 5.32414674758911 5.31294441223145 5.32165098190308 5.32763481140137
1964 01 29 00 4.50799036026001 4.50806379318237 4.5081090927124 4.50825309753418 4.5089168548584 4.5145788192749 4.61259603500366 4.86425304412842 5.02858781814575 5.05973148345947
1964 01 30 00 4.2114725112915 4.21368503570557 4.21403360366821 4.21399593353271 4.21475124359131 4.2202787399292 4.29531049728394 4.42984199523926 4.45028972625732 4.50985813140869
1964 01 31 00 3.90649747848511 3.90699410438538 3.90703201293945 3.90769648551941 3.91078972816467 3.93105220794678 4.04439926147461 4.04772424697876 4.0480637550354 4.307053565979
1964 02 01 00 3.62559700012207 3.62727427482605 3.62783026695251 3.62858605384827 3.63028526306152 3.63778042793274 3.65709972381592 3.68238401412964 3.70712399482727 3.76851892471313
1964 02 02 00 3.376784324646 3.37637305259705 3.37754702568054 3.41862368583679 3.54466438293457 3.62399387359619 3.63625550270081 3.64927363395691 3.65021991729736 3.80287408828735
1964 02 03 00 3.06421780586243 3.06257796287537 3.15787672996521 3.43192362785339 3.60972714424133 3.7458860874176 3.74758744239807 3.74810099601746 3.75114107131958 3.8671567440033
1964 02 04 00 2.834139585495 2.83565974235535 3.1201057434082 3.30205130577087 3.6078097820282 3.87550377845764 3.95360398292542 3.96772336959839 3.95673966407776 3.95125269889832
1964 02 05 00 3.06362390518188 3.06207919120789 3.31955599784851 3.61055445671082 3.94855380058289 4.18804359436035 4.30836200714111 4.34563112258911 4.24405670166016 4.09208106994629
1964 02 06 00 3.21687412261963 3.21585297584534 3.36318850517273 3.69463014602661 4.10700082778931 4.47180414199829 4.79112815856934 4.74755907058716 4.65853118896484 4.27815198898315
1964 02 07 00 3.55225515365601 3.55084300041199 3.55499887466431 3.59777307510376 3.68153524398804 4.0033802986145 4.43626546859741 4.75788736343384 4.77605390548706 4.71569395065308
1964 02 08 00 3.4410445690155 3.43944239616394 3.43587493896484 3.43511199951172 3.44205212593079 3.69607448577881 3.99966049194336 4.14294576644897 4.14294576644897 4.16423511505127
1964 02 09 00 3.15951013565063 3.15798330307007 3.15553903579712 3.12991261482239 3.17957615852356 3.36563539505005 3.55954146385193 3.6318998336792 3.63927149772644 3.6995542049408
1964 02 10 00 3.25662660598755 3.25460600852966 3.25033926963806 3.21158289909363 3.23893308639526 3.35557579994202 3.46603417396545 3.48699235916138 3.51458525657654 3.54978966712952
1964 02 11 00 3.28804588317871 3.28351497650146 3.26550889015198 3.31302976608276 3.34650611877441 3.41605377197266 3.47559189796448 3.4921555519104 3.49755525588989 3.51015734672546
1964 02 12 00 3.1754846572876 3.17644143104553 3.29653930664062 3.32736968994141 3.33703374862671 3.40834259986877 3.45548915863037 3.46339178085327 3.47233200073242 3.47958660125732
1964 02 13 00 3.12467265129089 3.12484312057495 3.17436265945435 3.38502979278564 3.412517786026 3.62134003639221 3.70782232284546 3.74649858474731 3.63329482078552 3.55196380615234
1964 02 14 00 3.86426043510437 3.86400151252747 3.86697387695312 4.04052972793579 4.2923583984375 4.41621875762939 4.43294143676758 4.39898061752319 4.04316186904907 3.96879029273987
1964 02 15 00 3.87544178962708 3.87816596031189 3.88614845275879 4.01971435546875 4.3299298286438 4.68049335479736 4.81626224517822 4.72093534469604 4.14991855621338 3.97326278686523
1964 02 16 00 3.95660066604614 3.96278166770935 3.97021508216858 4.02729368209839 4.19097423553467 4.38708782196045 4.4962215423584 4.48415422439575 4.41423559188843 4.31916809082031
1964 02 17 00 3.40535116195679 3.40561437606812 3.47324967384338 3.85688877105713 4.27015161514282 4.52817344665527 4.52830457687378 4.47578191757202 4.42679119110107 4.3714656829834
1964 02 18 00 3.42794871330261 3.42714977264404 3.43611264228821 3.62743663787842 3.90475916862488 4.23188924789429 4.35890340805054 4.36407613754272 4.31542539596558 4.29118061065674
1964 02 19 00 3.56361293792725 3.56298851966858 3.5612645149231 3.56085801124573 3.64820146560669 3.9404182434082 4.11973810195923 4.11471700668335 4.05357933044434 4.04903936386108
1964 02 20 00 3.5635871887207 3.56386303901672 3.56383180618286 3.56691026687622 3.66742062568665 3.83384418487549 3.85278391838074 3.86633467674255 3.88742065429688 3.88998889923096
1964 02 21 00 3.61959862709045 3.61979031562805 3.61949300765991 3.61922216415405 3.6195981502533 3.63078236579895 3.70667552947998 3.76892828941345 3.78257322311401 3.79083776473999
1964 02 22 00 3.55749845504761 3.55751585960388 3.55750703811646 3.5574779510498 3.55744290351868 3.55751037597656 3.55815029144287 3.5867919921875 3.59307169914246 3.59637928009033
1964 02 23 00 3.35283303260803 3.35283303260803 3.35283303260803 3.35283303260803 3.35283303260803 3.35278701782227 3.352614402771 3.35242509841919 3.35205173492432 3.35297989845276
1964 02 24 00 3.39295434951782 3.39295434951782 3.39295434951782 3.39295434951782 3.39295434951782 3.39269161224365 3.39246273040771 3.39217734336853 3.39148306846619 3.31746888160706
1964 02 25 00 3.48120474815369 3.48123025894165 3.48104119300842 3.48087763786316 3.48110723495483 3.48098134994507 3.48089694976807 3.48143577575684 3.46794676780701 3.37032222747803
1964 02 26 00 3.5046854019165 3.50477576255798 3.50467395782471 3.50428485870361 3.50391268730164 3.50392651557922 3.50782656669617 3.51379013061523 3.51201510429382 3.49485945701599
1964 02 27 00 3.50511121749878 3.50447130203247 3.50511884689331 3.52389001846313 3.66662216186523 3.82576251029968 3.88828110694885 3.91510820388794 3.92735266685486 3.94636082649231
1964 02 28 00 3.55437612533569 3.55155730247498 3.57334780693054 3.6929976940155 3.83298349380493 4.01824140548706 4.15345335006714 4.21993780136108 4.28380489349365 4.30056524276733
1964 02 29 00 3.55437612533569 3.55155730247498 3.57334780693054 3.6929976940155 3.83298349380493 4.01824140548706 4.15345335006714 4.21993780136108 4.28380489349365 4.30056524276733
1964 03 01 00 3.52353239059448 3.52431583404541 3.52512145042419 3.53405928611755 3.62981820106506 3.93714928627014 4.26849699020386 4.39852237701416 4.43690252304077 4.43888235092163
1964 03 02 00 3.53677010536194 3.53654170036316 3.5360312461853 3.53545880317688 3.53720855712891 3.77617216110229 4.13058519363403 4.33556270599365 4.37544918060303 4.38095712661743
1964 03 03 00 3.54379415512085 3.5439248085022 3.54372000694275 3.54361200332642 3.54399538040161 3.5475926399231 3.59554195404053 3.65801572799683 3.7713451385498 3.80045533180237
1964 03 04 00 3.40794348716736 3.40806984901428 3.40807390213013 3.40803003311157 3.40797185897827 3.40792846679688 3.40792322158813 3.40800476074219 3.40800476074219 3.40800476074219
1964 03 05 00 3.2973747253418 3.29521012306213 3.29251170158386 3.28948903083801 3.28633522987366 3.28329229354858 3.27964091300964 3.27736592292786 3.27751660346985 3.27751660346985
1964 03 06 00 3.28259062767029 3.28259062767029 3.28259062767029 3.28259062767029 3.28260660171509 3.28285050392151 3.28277945518494 3.28206658363342 3.28172039985657 3.2808952331543
1964 03 07 00 3.38281178474426 3.38281178474426 3.38281178474426 3.38281178474426 3.38281178474426 3.38281178474426 3.38281011581421 3.38262867927551 3.3805525302887 3.30089831352234
1964 03 08 00 3.46945095062256 3.46945095062256 3.46940875053406 3.46938300132751 3.46932315826416 3.46934604644775 3.46926164627075 3.46811652183533 3.44449210166931 3.40844035148621
1964 03 09 00 3.68017840385437 3.65508341789246 3.63222908973694 3.60552620887756 3.56837582588196 3.54244565963745 3.52023792266846 3.51307940483093 3.47916793823242 3.4612717628479
1964 03 10 00 3.68722248077393 3.68706822395325 3.6869330406189 3.6866500377655 3.67965126037598 3.66227126121521 3.64804577827454 3.62985897064209 3.56453514099121 3.46753597259521
1964 03 11 00 3.86553573608398 3.85964608192444 3.84925174713135 3.82018256187439 3.79678893089294 3.77986454963684 3.75627589225769 3.72713327407837 3.64204573631287 3.55033588409424
1964 03 12 00 3.86378264427185 3.86193013191223 3.87696385383606 3.87376356124878 3.84709358215332 3.79559302330017 3.75102734565735 3.73825979232788 3.7135488986969 3.70901703834534
1964 03 13 00 3.73091149330139 3.73027539253235 3.76213908195496 3.8184072971344 3.84641790390015 3.84305834770203 3.83415579795837 3.8281729221344 3.82584667205811 3.82923865318298
1964 03 14 00 3.63932824134827 3.64100027084351 3.91970872879028 3.98678183555603 3.96823954582214 3.9358971118927 3.90922594070435 3.8992805480957 3.89345717430115 3.89422702789307
1964 03 15 00 3.74806523323059 3.74719500541687 3.92227411270142 3.99408411979675 3.95592975616455 3.90246343612671 3.87848472595215 3.85999393463135 3.85764622688293 3.86022901535034
1964 03 16 00 3.75086784362793 3.7500262260437 3.78785610198975 3.8549337387085 3.88799929618835 3.87717938423157 3.86964416503906 3.86347270011902 3.87157607078552 3.88900804519653
1964 03 17 00 3.92107391357422 3.91837668418884 3.9152295589447 3.91009092330933 3.87782621383667 3.88223147392273 3.89668440818787 3.91398620605469 3.93847465515137 3.99555730819702
1964 03 18 00 3.93413996696472 3.9334614276886 3.92970180511475 3.87528944015503 3.88863658905029 3.93496203422546 3.97031617164612 4.0185751914978 4.03661441802979 4.05760288238525
1964 03 19 00 4.03567314147949 4.02018690109253 3.95835542678833 3.94465279579163 3.96237516403198 3.98561239242554 4.01336288452148 4.07891941070557 4.08957624435425 4.09635496139526
1964 03 20 00 4.29931831359863 4.2865161895752 4.18698740005493 4.09512615203857 4.09466743469238 4.10025310516357 4.10522890090942 4.15879678726196 4.15900945663452 4.20795154571533
1964 03 21 00 4.35470342636108 4.35223960876465 4.31509256362915 4.19051504135132 4.16087627410889 4.1748046875 4.19866371154785 4.22154140472412 4.27145528793335 4.28796291351318
1964 03 22 00 4.22201204299927 4.19260120391846 4.1583776473999 4.21893215179443 4.21434783935547 4.21421957015991 4.21257734298706 4.20998048782349 4.212646484375 4.23028755187988
1964 03 23 00 4.27671670913696 4.27344274520874 4.26924467086792 4.26698350906372 4.26407194137573 4.25936841964722 4.2534646987915 4.24935150146484 4.24857330322266 4.25232934951782
1964 03 24 00 4.52656412124634 4.44261741638184 4.3900728225708 4.36433410644531 4.35258150100708 4.31233644485474 4.32554388046265 4.334876537323 4.33665704727173 4.33910989761353
1964 03 25 00 4.54210662841797 4.53733062744141 4.53114080429077 4.52143287658691 4.46463871002197 4.3306131362915 4.33553028106689 4.33353900909424 4.32244443893433 4.32242679595947
1964 03 26 00 4.60279607772827 4.60030269622803 4.59798574447632 4.59543895721436 4.58958053588867 4.49542999267578 4.42413949966431 4.38735771179199 4.34494352340698 4.31721019744873
1964 03 27 00 4.6703143119812 4.65465307235718 4.60851669311523 4.58307647705078 4.57453346252441 4.55253744125366 4.52288675308228 4.45817613601685 4.39580869674683 4.38763380050659
1964 03 28 00 4.75933170318604 4.74927711486816 4.72608804702759 4.66662168502808 4.62327289581299 4.58125066757202 4.55608749389648 4.53817462921143 4.53094291687012 4.53252267837524
1964 03 29 00 4.797194480896 4.79415655136108 4.79228019714355 4.78979396820068 4.7816686630249 4.70741987228394 4.58238935470581 4.499587059021 4.49845170974731 4.49839401245117
1964 03 30 00 4.80399227142334 4.80390644073486 4.80297708511353 4.80137538909912 4.79689979553223 4.73256206512451 4.60373449325562 4.56228685379028 4.55388498306274 4.53678131103516
1964 03 31 00 4.3612208366394 4.3599157333374 4.35876750946045 4.35806226730347 4.35806226730347 4.35806226730347 4.35806226730347 4.35806226730347 4.35806226730347 4.35826063156128
1964 04 01 00 4.17965173721313 4.17965173721313 4.17965173721313 4.17965173721313 4.17965173721313 4.17965173721313 4.17965173721313 4.17965173721313 4.17965173721313 4.1799259185791
1964 04 02 00 4.22408103942871 4.22214078903198 4.22039365768433 4.21884107589722 4.21759796142578 4.21667289733887 4.21571254730225 4.21492624282837 4.21492624282837 4.21486663818359
1964 04 03 00 4.29814481735229 4.29577922821045 4.29374504089355 4.29205179214478 4.29106616973877 4.29079627990723 4.28763771057129 4.28391695022583 4.28359031677246 4.27908945083618
1964 04 04 00 4.38469648361206 4.38019800186157 4.37222909927368 4.35525417327881 4.32622575759888 4.32731342315674 4.31602382659912 4.30229520797729 4.30430507659912 4.31339550018311
1964 04 05 00 4.63659000396729 4.62698125839233 4.55891990661621 4.47312927246094 4.41960191726685 4.40127182006836 4.40311670303345 4.39853525161743 4.38298463821411 4.38129997253418
1964 04 06 00 4.76189088821411 4.75446653366089 4.74015188217163 4.67381906509399 4.5850133895874 4.55343627929688 4.54636144638062 4.54855680465698 4.54568481445312 4.54666566848755
1964 04 07 00 4.79583644866943 4.79280281066895 4.7865138053894 4.73215484619141 4.63896512985229 4.57007884979248 4.5370888710022 4.53530263900757 4.56551027297974 4.59978437423706
1964 04 08 00 5.10648107528687 5.02321624755859 4.86813449859619 4.77422952651978 4.66151762008667 4.58139562606812 4.54925060272217 4.55119609832764 4.57587909698486 4.60752391815186
1964 04 09 00 5.33449077606201 5.32160520553589 5.08927536010742 4.82714080810547 4.69256401062012 4.60040903091431 4.55954217910767 4.55976343154907 4.59226369857788 4.63273000717163
1964 04 10 00 5.74047088623047 5.56107807159424 5.2130446434021 4.90554475784302 4.72867965698242 4.61790704727173 4.56556034088135 4.57006597518921 4.60687303543091 4.65498876571655
1964 04 11 00 5.88423013687134 5.87293243408203 5.4733624458313 5.10956954956055 4.84914112091064 4.65855884552002 4.56832647323608 4.56188011169434 4.60487604141235 4.67408752441406
1964 04 12 00 5.6000337600708 5.59487962722778 5.58848571777344 5.57649755477905 5.48791313171387 5.22302055358887 4.76727867126465 4.63381576538086 4.64708948135376 4.69245386123657
1964 04 13 00 5.92250728607178 5.92045927047729 5.91685485839844 5.90947866439819 5.80667972564697 5.37377071380615 5.08473587036133 4.8771767616272 4.83373975753784 4.78984069824219
1964 04 14 00 5.92625665664673 5.92511701583862 5.92312383651733 5.91984605789185 5.89374113082886 5.48965787887573 5.12377977371216 5.12539768218994 5.11855697631836 5.03301334381104
1964 04 15 00 6.0397310256958 6.03614664077759 6.03252983093262 6.02761697769165 5.98748540878296 5.81187105178833 5.52355051040649 5.30793190002441 5.22732925415039 5.08113384246826
1964 04 16 00 6.27035808563232 6.2646632194519 6.25560569763184 6.15073347091675 6.05472946166992 5.91482973098755 5.72587394714355 5.68526458740234 5.66541051864624 5.19945096969604
1964 04 17 00 6.51287412643433 6.50228071212769 6.42220640182495 6.3134069442749 6.19911003112793 5.89221525192261 5.64435052871704 5.6274209022522 5.61963176727295 5.24393606185913
1964 04 18 00 6.32354927062988 6.30882596969604 6.38668966293335 6.36514139175415 6.2808518409729 6.01403141021729 5.54468822479248 5.27720022201538 5.27754211425781 5.22534608840942
1964 04 19 00 6.14783525466919 6.06038522720337 5.86850070953369 5.69250202178955 5.50139665603638 5.29909420013428 5.0798807144165 4.96345663070679 5.00408744812012 5.07509851455688
1964 04 20 00 6.23578023910522 6.04929780960083 5.84518384933472 5.57206249237061 5.25280046463013 4.98575782775879 4.78983783721924 4.78680372238159 4.91690158843994 4.97755241394043
1964 04 21 00 6.47902536392212 6.42230558395386 6.17551469802856 5.75338506698608 5.35512351989746 5.04663944244385 4.82597970962524 4.76711368560791 4.86075925827026 4.94068765640259
1964 04 22 00 6.97158002853394 6.72414779663086 6.44405221939087 6.08178186416626 5.60814476013184 5.21185874938965 4.96027326583862 4.89908361434937 5.0695629119873 5.29978609085083
1964 04 23 00 7.12554931640625 7.11070966720581 6.99704313278198 6.34833145141602 5.68632888793945 5.23787069320679 5.0001425743103 4.88479042053223 5.07051753997803 5.27294635772705
1964 04 24 00 7.28834676742554 7.27456331253052 7.03493976593018 5.92063760757446 5.36938571929932 5.13046073913574 5.06774234771729 5.10954141616821 5.2409520149231 5.27314758300781
1964 04 25 00 7.72099304199219 7.68458318710327 6.95977878570557 5.75051498413086 5.33465623855591 5.18731594085693 5.20463180541992 5.3552131652832 5.36980152130127 5.36971569061279
1964 04 26 00 7.88973617553711 7.84673118591309 7.26907062530518 6.03706550598145 5.43409824371338 5.2663950920105 5.23671579360962 5.27495813369751 5.36543750762939 5.38885641098022
1964 04 27 00 8.06420993804932 8.04019832611084 7.84009408950806 6.30223274230957 5.4561562538147 5.30419778823853 5.29742622375488 5.30961942672729 5.37527799606323 5.40484714508057
1964 04 28 00 8.0655403137207 8.05610752105713 8.00575923919678 6.84552907943726 5.74730825424194 5.44883441925049 5.42645168304443 5.42714500427246 5.43283271789551 5.43283271789551
1964 04 29 00 8.21295356750488 8.17850494384766 8.09641742706299 7.47752618789673 6.22308444976807 5.65543794631958 5.51442050933838 5.50607538223267 5.50860404968262 5.51079416275024
1964 04 30 00 8.14571762084961 8.12758636474609 8.08887767791748 7.82057046890259 6.42211294174194 5.72627925872803 5.51942920684814 5.50037670135498 5.5101580619812 5.52888345718384
1964 05 01 00 7.97669887542725 7.94517040252686 7.77927923202515 7.54721641540527 6.81973505020142 6.08289289474487 5.67154359817505 5.56673288345337 5.5714282989502 5.57557678222656
1964 05 02 00 7.82215452194214 7.7769341468811 7.28430271148682 6.66909265518188 6.18313598632812 5.87234544754028 5.66699171066284 5.553297996521 5.54286766052246 5.61086368560791
1964 05 03 00 7.58140754699707 7.56150579452515 7.23648881912231 6.71212911605835 6.10793876647949 5.67119407653809 5.4365873336792 5.44904708862305 5.60367250442505 5.65067005157471
1964 05 04 00 7.39789724349976 7.3067364692688 7.15167903900146 6.81282615661621 6.44992971420288 5.84034776687622 5.57443618774414 5.72728776931763 6.46764898300171 6.62975883483887
1964 05 05 00 7.71323728561401 7.69568157196045 7.58135890960693 7.32272911071777 6.75364208221436 6.03473997116089 5.57282400131226 5.7774600982666 6.17757987976074 6.3841814994812
1964 05 06 00 7.70998764038086 7.69309616088867 7.69028568267822 7.52546167373657 7.13083267211914 6.51609230041504 5.97501087188721 5.66741991043091 6.12519025802612 6.20633935928345
1964 05 07 00 8.24384689331055 8.24188709259033 8.23770236968994 8.22119140625 7.34397411346436 6.30301189422607 5.81743144989014 5.65305280685425 5.65649652481079 5.6565728187561
1964 05 08 00 8.27025508880615 8.22913074493408 8.17687606811523 8.01292896270752 7.29796123504639 6.2640552520752 5.99766302108765 5.96982622146606 5.97843933105469 5.98222064971924
1964 05 09 00 8.30601978302002 8.29906463623047 8.28638458251953 8.12008476257324 7.13016510009766 6.39282464981079 6.25387287139893 6.31594228744507 6.43911838531494 6.45137929916382
1964 05 10 00 8.10719585418701 8.10263442993164 8.09619808197021 8.08240795135498 7.88807153701782 7.32052183151245 6.60626173019409 6.48243618011475 6.51338911056519 6.51526880264282
1964 05 11 00 8.42352676391602 8.37914371490479 8.21966648101807 8.15378952026367 7.9470911026001 7.46943855285645 6.84704208374023 6.58577013015747 6.59426259994507 6.59666299819946
1964 05 12 00 8.74175548553467 8.6949405670166 8.60192108154297 8.54680347442627 8.24409294128418 7.535813331604 6.95366477966309 6.62173461914062 6.56470966339111 6.56483745574951
1964 05 13 00 8.51606750488281 8.51453399658203 8.51216220855713 8.50804138183594 8.49266624450684 8.06055927276611 7.51003313064575 7.1531982421875 6.9517560005188 6.88736486434937
1964 05 14 00 8.49603176116943 8.48505592346191 8.4493932723999 8.41218757629395 8.39734363555908 8.34238815307617 8.04763126373291 7.92243909835815 7.73817253112793 7.24403142929077
1964 05 15 00 9.09475135803223 8.90514183044434 8.70512294769287 8.54501628875732 8.48602199554443 8.34496974945068 7.86135673522949 7.61395978927612 7.59083127975464 7.21432876586914
1964 05 16 00 9.26973056793213 9.25479602813721 9.22247123718262 8.94220638275146 8.72708225250244 8.52099514007568 7.94867277145386 7.54569053649902 7.43411922454834 7.22871541976929
1964 05 17 00 9.17722702026367 9.17321395874023 9.16793251037598 9.16140842437744 9.15155792236328 9.11662292480469 8.73013496398926 8.32700634002686 7.77808713912964 7.41494655609131
1964 05 18 00 9.5230598449707 9.43699741363525 9.37605667114258 9.34535503387451 9.2863655090332 9.07932281494141 8.65742778778076 8.57386684417725 8.45037841796875 7.9022855758667
1964 05 19 00 9.69040489196777 9.66679191589355 9.62711048126221 9.52898597717285 9.4763355255127 9.29712104797363 8.86164093017578 8.48748683929443 8.28773021697998 8.03435134887695
1964 05 20 00 9.66594505310059 9.65278244018555 9.63410663604736 9.53695964813232 9.32050609588623 9.11688899993896 8.7092227935791 8.12854862213135 7.7839412689209 7.80396270751953
1964 05 21 00 9.68706226348877 9.6776762008667 9.65847682952881 9.58323192596436 9.34391307830811 8.85751342773438 8.2921667098999 7.93903398513794 7.571702003479 7.56175899505615
1964 05 22 00 9.69858264923096 9.68658542633057 9.66929817199707 9.63001918792725 9.37800979614258 8.92429637908936 8.24632167816162 7.76812267303467 7.29182147979736 7.28359031677246
1964 05 23 00 10.0449810028076 9.96774387359619 9.77554225921631 9.63584995269775 9.21114444732666 8.51920604705811 7.8878345489502 7.45386123657227 7.2926230430603 7.26065921783447
1964 05 24 00 10.638952255249 10.4696455001831 10.1350917816162 9.73066425323486 9.34773540496826 8.6337366104126 8.052978515625 7.87251567840576 7.90222883224487 7.84819555282593
1964 05 25 00 11.0101642608643 10.9836931228638 10.461088180542 9.95200729370117 9.60533905029297 8.9775972366333 8.31655025482178 8.15320777893066 8.19514942169189 8.05650329589844
1964 05 26 00 11.0205736160278 11.0134162902832 10.9648265838623 10.4935436248779 10.0558090209961 9.47100734710693 8.75570487976074 8.42739963531494 8.45031070709229 8.08785629272461
1964 05 27 00 10.9800586700439 10.9752883911133 10.9689226150513 10.9687557220459 10.4107446670532 9.64505577087402 8.89244747161865 8.59243583679199 8.57362365722656 8.43167686462402
1964 05 28 00 11.3447780609131 11.3394632339478 11.3307790756226 11.2747411727905 10.7458143234253 9.83006286621094 8.90242004394531 8.73052883148193 8.72159767150879 8.6542911529541
1964 05 29 00 11.391339302063 11.3750705718994 11.3433256149292 11.2939023971558 11.2416734695435 10.6712141036987 9.46639442443848 8.85917186737061 8.85139751434326 8.68093585968018
1964 05 30 00 11.5165691375732 11.506233215332 11.4881772994995 11.4679651260376 11.4233407974243 10.9437789916992 9.7998628616333 8.76226139068604 8.69601631164551 8.68217468261719
1964 05 31 00 11.506121635437 11.4959211349487 11.4791126251221 11.4582405090332 11.4382667541504 11.3944520950317 10.6184568405151 9.36090278625488 8.87593936920166 8.68154907226562
1964 06 01 00 11.3944549560547 11.371392250061 11.340744972229 11.297456741333 11.2643423080444 11.2335920333862 10.806568145752 9.34532833099365 8.71138286590576 8.44932079315186
1964 06 02 00 11.3341970443726 11.333930015564 11.3333797454834 11.3323822021484 11.3289632797241 11.3026466369629 10.5777730941772 9.17307376861572 8.41423320770264 8.37817001342773
1964 06 03 00 11.286660194397 11.2809782028198 11.2752838134766 11.2691402435303 11.2618293762207 11.2539844512939 11.0359659194946 9.49770259857178 8.63675880432129 8.67699432373047
1964 06 04 00 11.5813894271851 11.537070274353 11.461350440979 11.3664884567261 11.317325592041 11.200101852417 10.3929815292358 9.22759437561035 8.97081565856934 8.89197826385498
1964 06 05 00 12.161039352417 12.1202039718628 11.9704027175903 11.7058334350586 11.3514938354492 10.9995193481445 10.2253723144531 9.24148464202881 9.21322822570801 9.06756591796875
1964 06 06 00 12.1660213470459 12.1440591812134 12.114709854126 12.0706882476807 11.7599506378174 10.8482322692871 9.7978687286377 8.6826171875 8.15760898590088 8.16950607299805
1964 06 07 00 12.0180740356445 12.002197265625 11.9764289855957 11.9302444458008 11.5448503494263 10.5018920898438 9.31606674194336 8.63487339019775 7.68305778503418 7.62677383422852
1964 06 08 00 11.9293365478516 11.898681640625 11.8560228347778 11.7393684387207 11.3150501251221 10.1217479705811 8.80744934082031 8.05091857910156 7.37038040161133 7.37203311920166
1964 06 09 00 12.6045112609863 12.5828714370728 12.5310592651367 12.0345430374146 10.951455116272 9.69895458221436 8.22561931610107 7.20626831054688 6.88075160980225 6.88321304321289
1964 06 10 00 12.4149608612061 12.2888536453247 11.8469915390015 11.0205593109131 9.94168663024902 8.82910060882568 7.87437295913696 7.2844557762146 6.89434623718262 6.88499069213867
1964 06 11 00 13.4191884994507 13.2360849380493 11.604419708252 10.0004510879517 8.80146598815918 7.97708892822266 7.32811546325684 7.10892629623413 6.80275344848633 6.79162168502808
1964 06 12 00 14.3151788711548 14.0022459030151 11.7353296279907 9.77952766418457 8.50701713562012 7.72784376144409 7.20406770706177 6.9751181602478 6.76627635955811 6.76657629013062
1964 06 13 00 14.946494102478 14.8035507202148 11.9412870407104 9.69520473480225 8.35364723205566 7.57356691360474 7.10520458221436 6.88054513931274 6.79178333282471 6.79287624359131
1964 06 14 00 14.6851587295532 14.6373596191406 13.2543468475342 9.82153606414795 8.36093902587891 7.58719062805176 7.17053842544556 6.92096757888794 6.86710500717163 6.85847520828247
1964 06 15 00 13.6005334854126 13.5791492462158 13.5130577087402 12.5609302520752 9.34357070922852 8.22312641143799 7.67941093444824 7.36287117004395 7.33591508865356 7.3207745552063
1964 06 16 00 13.8388509750366 13.8227958679199 13.7838306427002 13.3897733688354 10.3994970321655 8.9839334487915 8.55701541900635 8.18753623962402 8.0759801864624 8.04428482055664
1964 06 17 00 14.1088190078735 14.0768928527832 13.9862127304077 13.8053884506226 11.1422863006592 9.60606384277344 9.05627059936523 8.44946384429932 8.30924510955811 8.32347393035889
1964 06 18 00 13.7478094100952 13.7420454025269 13.7320261001587 13.7110681533813 13.4539842605591 11.5932178497314 10.0796661376953 8.7734956741333 8.24067497253418 8.35201168060303
1964 06 19 00 13.4322280883789 13.4307746887207 13.4274654388428 13.4209318161011 13.393328666687 12.4763298034668 10.4772596359253 9.33311367034912 9.18403625488281 8.91488456726074
1964 06 20 00 13.5085077285767 13.5057954788208 13.5017147064209 13.4962167739868 13.4748630523682 12.3821048736572 10.5987062454224 10.1014757156372 10.0807056427002 9.50758266448975
1964 06 21 00 13.6859083175659 13.6514587402344 13.5846576690674 13.5454559326172 13.5152988433838 12.8337020874023 11.2840690612793 10.3563919067383 10.2807512283325 9.69063854217529
1964 06 22 00 13.8360767364502 13.8191394805908 13.775032043457 13.6995010375977 13.6654329299927 13.4955615997314 11.9720430374146 10.1748371124268 9.57612991333008 9.58566665649414
1964 06 23 00 13.9518871307373 13.9385576248169 13.9105195999146 13.8696756362915 13.8559274673462 13.644847869873 12.3199310302734 10.1206340789795 9.15550422668457 9.16155433654785
1964 06 24 00 13.6990737915039 13.6981344223022 13.6949043273926 13.6897878646851 13.6800947189331 13.6406984329224 12.3326196670532 10.0087146759033 9.29820823669434 9.13772010803223
1964 06 25 00 13.641622543335 13.6281433105469 13.6115560531616 13.5928297042847 13.5657987594604 13.4327926635742 12.1450433731079 9.9866771697998 9.31385898590088 9.26749134063721
1964 06 26 00 14.081262588501 14.0409660339355 13.953857421875 13.8354768753052 13.7474336624146 13.5528545379639 12.1346445083618 10.0243549346924 9.31725788116455 9.30340957641602
1964 06 27 00 15.1757431030273 14.684871673584 14.3768920898438 14.0592203140259 13.8870506286621 13.6089668273926 12.6074314117432 10.8639717102051 9.53350925445557 9.32841873168945
1964 06 28 00 16.2191200256348 15.5864572525024 14.7709722518921 14.3492116928101 14.1314325332642 13.8592023849487 13.040545463562 11.3005056381226 9.5547513961792 9.52612781524658
1964 06 29 00 16.0469417572021 15.8882627487183 14.8733291625977 14.2127933502197 13.7025012969971 13.1496210098267 12.0387983322144 10.6290197372437 9.20379543304443 9.18290138244629
1964 06 30 00 15.7557611465454 15.6530351638794 14.829026222229 13.528923034668 12.4515466690063 11.5133657455444 10.3475122451782 9.54607677459717 8.5444507598877 8.53682804107666
1964 07 01 00 16.5398464202881 16.3954372406006 14.9310064315796 13.1437978744507 11.7475967407227 10.5220022201538 9.3207893371582 8.39137935638428 7.98928117752075 7.98928117752075
1964 07 02 00 15.4378776550293 15.4143600463867 15.2694463729858 12.6004943847656 10.6852207183838 9.4108829498291 8.3225212097168 7.93722438812256 7.73625040054321 7.73435688018799
1964 07 03 00 12.6435670852661 12.574294090271 12.1421766281128 10.996190071106 9.32664203643799 8.29118347167969 7.82890224456787 7.77525520324707 7.73656702041626 7.71389770507812
1964 07 04 00 14.1683797836304 13.9393453598022 12.0161399841309 10.0380525588989 8.53318214416504 7.69602108001709 7.55934047698975 7.53068923950195 7.51464557647705 7.50622701644897
1964 07 05 00 15.8414373397827 14.9830665588379 12.2042655944824 10.2377185821533 8.80662631988525 7.78523588180542 7.50835180282593 7.47464370727539 7.47191381454468 7.47069025039673
1964 07 06 00 15.5225296020508 15.4504346847534 13.4775714874268 9.54351997375488 8.38231945037842 7.74598932266235 7.54457139968872 7.51641798019409 7.51261520385742 7.51043844223022
1964 07 07 00 15.7568731307983 15.5334558486938 14.5253953933716 10.0094041824341 8.16950225830078 7.7685604095459 7.81873655319214 7.81164169311523 7.79501724243164 7.77280569076538
1964 07 08 00 14.4855470657349 14.4650363922119 14.415168762207 13.9435396194458 12.9761638641357 10.705135345459 9.38015651702881 8.8594331741333 8.68135547637939 8.58274745941162
1964 07 09 00 14.8405542373657 14.8384990692139 14.8342065811157 14.8275442123413 14.816104888916 14.7838497161865 14.2464199066162 13.5078067779541 12.8339538574219 12.5234098434448
1964 07 10 00 13.9043064117432 13.9043121337891 13.9043006896973 13.9043006896973 13.9043006896973 13.9043006896973 13.9043006896973 13.9043006896973 13.9043006896973 13.8989734649658
1964 07 11 00 14.014533996582 13.9665842056274 13.7516975402832 13.6672840118408 13.6531543731689 13.6502227783203 13.6474266052246 13.6466693878174 13.6466693878174 13.6072826385498
1964 07 12 00 14.5821504592896 14.2760143280029 13.8073167800903 13.5731210708618 13.5254039764404 13.4859037399292 13.3966951370239 13.2194509506226 13.3804607391357 13.6469888687134
1964 07 13 00 14.4787549972534 14.4782724380493 14.4770307540894 14.4638967514038 14.3158683776855 14.0602684020996 13.8611335754395 13.1323165893555 12.8198194503784 13.5440273284912
1964 07 14 00 15.7089109420776 15.6974954605103 15.6701440811157 15.4577608108521 14.7596273422241 14.088770866394 13.6516275405884 13.1738662719727 13.0220127105713 13.2609777450562
1964 07 15 00 16.1084289550781 16.1005477905273 16.0847988128662 15.9894666671753 14.9280233383179 14.0916147232056 13.497504234314 13.157735824585 13.1419095993042 13.2070646286011
1964 07 16 00 16.6057815551758 16.5611934661865 16.3373832702637 15.9977445602417 14.8854713439941 14.1051654815674 13.5422134399414 13.1851110458374 13.1325016021729 13.2223339080811
1964 07 17 00 17.034517288208 17.0000190734863 16.7729740142822 16.1761436462402 15.0509548187256 14.1489849090576 13.5764942169189 13.13978099823 12.9850330352783 13.1533517837524
1964 07 18 00 16.5032367706299 16.4837493896484 16.4543018341064 16.3792037963867 16.2164878845215 15.6426076889038 14.1293363571167 13.0893125534058 12.7164888381958 12.7432985305786
1964 07 19 00 16.1469764709473 16.112211227417 16.0729370117188 15.939549446106 15.4277191162109 14.7847003936768 13.4513931274414 12.4109373092651 11.6939926147461 11.562539100647
1964 07 20 00 15.9894065856934 15.9772205352783 15.9561595916748 15.9193868637085 15.8295307159424 14.6505212783813 13.2650470733643 12.2748346328735 11.8456935882568 11.6752147674561
1964 07 21 00 15.9331903457642 15.9282960891724 15.9206132888794 15.9075803756714 15.8396520614624 14.3965606689453 13.0546894073486 11.7814245223999 11.6610059738159 11.7654447555542
1964 07 22 00 16.3570365905762 16.2125129699707 16.0497932434082 15.9564666748047 15.8235216140747 14.6488561630249 13.194899559021 11.8034315109253 11.4072370529175 11.6181468963623
1964 07 23 00 16.5285606384277 16.5131072998047 16.4850063323975 16.408763885498 15.9577646255493 14.5759658813477 12.9569692611694 11.6167116165161 11.3028316497803 11.3009929656982
1964 07 24 00 16.7306461334229 16.5768241882324 16.4071521759033 16.3334121704102 16.2402648925781 14.422384262085 12.689133644104 11.5344476699829 11.3372039794922 11.3670854568481
1964 07 25 00 16.3821506500244 16.370096206665 16.3524761199951 16.3141994476318 16.2399101257324 14.9079637527466 13.1643705368042 11.692234992981 11.2021198272705 11.2385673522949
1964 07 26 00 15.5803213119507 15.5784683227539 15.5735511779785 15.565281867981 15.5488452911377 15.4876041412354 14.8496770858765 13.828010559082 12.5568141937256 12.2658767700195
1964 07 27 00 15.4177522659302 15.4164638519287 15.4132976531982 15.4023923873901 15.3875789642334 15.3807935714722 15.32750415802 14.5610666275024 12.8724489212036 12.7802867889404
1964 07 28 00 15.6231594085693 15.6189041137695 15.6107206344604 15.58802318573 15.5557813644409 15.5272464752197 15.4535064697266 14.7896070480347 13.5736923217773 12.8267116546631
1964 07 29 00 15.4931631088257 15.4938974380493 15.4933309555054 15.4922456741333 15.4907102584839 15.4883651733398 15.4846820831299 15.4710493087769 14.4771785736084 13.1877040863037
1964 07 30 00 15.3499631881714 15.3499507904053 15.3493070602417 15.3481616973877 15.3463296890259 15.3433399200439 15.3375930786133 15.3186807632446 14.8621377944946 13.4870939254761
1964 07 31 00 15.1225986480713 15.1225986480713 15.1224966049194 15.1221761703491 15.121467590332 15.1205673217773 15.1194972991943 15.1181077957153 15.1156511306763 15.1009569168091
1964 08 01 00 15.5876026153564 15.3329524993896 15.1548366546631 15.1098127365112 15.0928001403809 15.0836896896362 15.0806131362915 15.0847177505493 15.0940399169922 15.2316427230835
1964 08 02 00 16.3366603851318 15.9581623077393 15.4748916625977 15.2097253799438 15.1390762329102 15.114577293396 15.101450920105 15.0809516906738 15.0944347381592 15.2855253219604
1964 08 03 00 16.476936340332 16.4224700927734 16.1131153106689 15.5667276382446 15.2638006210327 15.0934133529663 14.9667329788208 14.9135341644287 14.7191028594971 14.7529077529907
1964 08 04 00 16.0374088287354 15.9915552139282 15.7938861846924 15.1024017333984 14.365777015686 13.4388313293457 13.1410570144653 12.8964872360229 12.5568046569824 12.4213762283325
1964 08 05 00 16.0622234344482 15.9849939346313 15.5081329345703 14.1667776107788 12.8968467712402 11.9048795700073 11.1149749755859 10.5699148178101 10.3193521499634 10.2441110610962
1964 08 06 00 16.8891773223877 16.7395992279053 15.2604351043701 13.8782863616943 12.6924991607666 11.8426637649536 10.8085613250732 10.0316543579102 9.69065093994141 9.70199680328369
1964 08 07 00 17.5432434082031 17.1366901397705 15.2583742141724 13.8526859283447 12.782940864563 11.6676254272461 10.7777271270752 9.77868366241455 9.61589527130127 9.6422233581543
1964 08 08 00 17.0131988525391 16.9747886657715 16.5573272705078 14.1261911392212 12.6449308395386 11.3310213088989 10.3430786132812 9.60886192321777 9.55526542663574 9.62232971191406
1964 08 09 00 17.1902885437012 17.1098747253418 16.7622013092041 13.6160755157471 12.0374011993408 10.8848915100098 10.0393743515015 9.74074649810791 9.74098110198975 9.74559688568115
1964 08 10 00 17.7288589477539 17.6414222717285 17.1637706756592 13.8410377502441 12.1028499603271 11.0387363433838 10.1583757400513 9.88125991821289 9.87662506103516 9.84349346160889
1964 08 11 00 18.018669128418 17.9594669342041 17.6850280761719 14.6797113418579 12.0691814422607 11.0473680496216 10.4746904373169 10.1069965362549 9.99103736877441 9.90351009368896
1964 08 12 00 18.4113502502441 18.3741321563721 17.9713535308838 15.5121555328369 12.8103342056274 11.1828422546387 10.6624908447266 10.365837097168 10.1396360397339 9.96691417694092
1964 08 13 00 17.7449321746826 17.7204818725586 17.6159725189209 15.9015827178955 13.4432697296143 11.7258100509644 10.8931264877319 10.5171155929565 10.2586765289307 10.0508308410645
1964 08 14 00 15.1561470031738 15.1492834091187 15.1426391601562 15.1335887908936 14.9791498184204 14.5318145751953 13.8735036849976 12.8753328323364 11.4083700180054 11.3454504013062
1964 08 15 00 12.3769807815552 12.3565120697021 12.223048210144 11.5626058578491 11.3131113052368 11.4488430023193 11.4502573013306 11.4495868682861 11.3747005462646 11.2164726257324
1964 08 16 00 13.0741624832153 13.0311365127563 11.1034564971924 10.0313653945923 9.98109149932861 9.9434986114502 9.94353199005127 9.94354343414307 9.94290256500244 9.93751907348633
1964 08 17 00 12.7351322174072 12.7186489105225 12.5182771682739 11.6161403656006 11.2039260864258 11.156759262085 11.1534938812256 11.1602697372437 11.1796960830688 11.1998987197876
1964 08 18 00 12.1528463363647 12.1403865814209 12.1306943893433 12.121654510498 12.1117725372314 12.0975933074951 12.0787982940674 12.0480279922485 11.9853105545044 11.7934045791626
1964 08 19 00 12.7307920455933 12.7195339202881 12.7097969055176 12.7015838623047 12.6977834701538 12.6937808990479 12.6848268508911 12.6503038406372 12.5879688262939 12.414361000061
1964 08 20 00 13.4866008758545 13.4452028274536 13.3905305862427 13.2386569976807 12.8235960006714 12.5990114212036 12.5188274383545 12.4939861297607 12.4724779129028 12.4389600753784
1964 08 21 00 14.0608081817627 14.0092220306396 13.9463357925415 13.8918390274048 13.2617349624634 12.6512823104858 12.4754953384399 12.4618129730225 12.4771270751953 12.4731397628784
1964 08 22 00 14.2005157470703 14.1597414016724 14.0868864059448 13.8874607086182 13.0892477035522 12.626049041748 12.5190744400024 12.5187368392944 12.542462348938 12.5321607589722
1964 08 23 00 14.4011631011963 14.3815774917603 14.3503923416138 14.2434930801392 13.6909952163696 12.7502393722534 12.6900177001953 12.6243886947632 12.6226739883423 12.654655456543
1964 08 24 00 14.5377931594849 14.4823026657104 14.4352798461914 14.3876361846924 14.3134050369263 13.7429447174072 13.1838245391846 13.0479726791382 12.8904790878296 12.7271242141724
1964 08 25 00 14.4656629562378 14.4423513412476 14.414514541626 14.383321762085 14.3349685668945 14.2214488983154 14.022819519043 13.5164880752563 12.982705116272 12.8537673950195
1964 08 26 00 14.8044586181641 14.7797241210938 14.7266788482666 14.6665477752686 14.635498046875 14.5772571563721 14.276517868042 13.7296533584595 13.3063497543335 13.2887535095215
1964 08 27 00 15.7012815475464 15.6831617355347 15.6544513702393 15.5669918060303 15.1951274871826 14.7199544906616 14.4020900726318 14.2432794570923 14.1937952041626 14.1671438217163
1964 08 28 00 15.7189826965332 15.6928520202637 15.6442775726318 15.5843267440796 15.2454891204834 14.8657693862915 14.6294231414795 14.5407781600952 14.5338191986084 14.5247955322266
1964 08 29 00 16.9364719390869 16.5970401763916 16.4761867523193 16.3470306396484 15.9311828613281 15.3345108032227 15.2134313583374 15.2089176177979 15.2089176177979 15.1834354400635
1964 08 30 00 17.8482437133789 17.6155014038086 17.0251026153564 16.6407012939453 16.2503757476807 15.9658718109131 15.9658718109131 15.9658718109131 15.9658718109131 15.9364347457886
1964 08 31 00 17.8421268463135 17.8213195800781 17.6491413116455 16.8292350769043 16.362771987915 16.1317043304443 16.1317043304443 16.1317043304443 16.1317043304443 16.1135368347168
1964 09 01 00 17.8741416931152 17.8628883361816 17.8194694519043 17.3537521362305 16.5568389892578 16.1912803649902 16.1876049041748 16.1843318939209 16.1818103790283 16.1344585418701
1964 09 02 00 17.6583290100098 17.6560573577881 17.6503219604492 17.6250591278076 17.1369934082031 16.5136280059814 16.3358898162842 16.3103446960449 16.3091564178467 16.1471691131592
1964 09 03 00 17.6260681152344 17.6250457763672 17.6228866577148 17.6151390075684 17.3634872436523 16.7530040740967 16.377046585083 16.2776260375977 16.2475395202637 16.1531181335449
1964 09 04 00 17.5919551849365 17.5895824432373 17.5827579498291 17.5677318572998 17.4484348297119 16.9265975952148 16.4710330963135 16.2255458831787 16.1427021026611 16.1197261810303
1964 09 05 00 17.2824726104736 17.28369140625 17.2827796936035 17.282283782959 17.2871074676514 17.1088390350342 16.8273754119873 16.5243988037109 16.3615493774414 16.1769638061523
1964 09 06 00 16.979154586792 16.9798374176025 16.9788131713867 16.9778938293457 16.9805488586426 16.9954891204834 17.0044784545898 16.9904537200928 16.9618034362793 16.9408855438232
1964 09 07 00 16.5907802581787 16.590368270874 16.5886745452881 16.5869274139404 16.5868282318115 16.604642868042 16.6036357879639 16.6024360656738 16.6018695831299 16.6035099029541
1964 09 08 00 16.5375537872314 16.5368518829346 16.5344333648682 16.5316123962402 16.5286331176758 16.5264835357666 16.5172290802002 16.5118446350098 16.5112152099609 16.5192127227783
1964 09 09 00 16.633358001709 16.625036239624 16.5870456695557 16.5330581665039 16.5128192901611 16.5095653533936 16.5390949249268 16.5410804748535 16.5369606018066 16.5462188720703
1964 09 10 00 17.1456851959229 17.1418151855469 17.130334854126 17.0943794250488 17.0697841644287 17.0127391815186 16.9297122955322 16.8045597076416 16.6488056182861 16.6317920684814
1964 09 11 00 17.0665969848633 17.0664730072021 17.0656871795654 17.0653381347656 17.037446975708 16.8861026763916 16.7700386047363 16.7598037719727 16.6289806365967 16.6006851196289
1964 09 12 00 16.7377548217773 16.7376003265381 16.7367076873779 16.7340755462646 16.5989322662354 16.3973255157471 16.3801097869873 16.3967552185059 16.3297214508057 16.3160495758057
1964 09 13 00 16.6527347564697 16.6524124145508 16.6513290405273 16.6455078125 16.6244449615479 16.4913444519043 16.3092403411865 16.2798805236816 16.2264232635498 16.2241191864014
1964 09 14 00 16.7459297180176 16.7458724975586 16.7454814910889 16.7310523986816 16.6735000610352 16.4977474212646 16.2914276123047 16.2289276123047 16.1782054901123 16.1806354522705
1964 09 15 00 16.8210144042969 16.8210144042969 16.8209648132324 16.8196811676025 16.7562713623047 16.4936180114746 16.2529716491699 16.1315670013428 16.1414356231689 16.1583137512207
1964 09 16 00 16.7647895812988 16.7647895812988 16.7643241882324 16.7645587921143 16.7801170349121 16.7083072662354 16.4425067901611 16.1457004547119 16.1135730743408 16.1151504516602
1964 09 17 00 16.6387252807617 16.637228012085 16.6357460021973 16.6340446472168 16.6316165924072 16.6271190643311 16.5216903686523 16.2151870727539 16.1301918029785 16.1701011657715
1964 09 18 00 16.6552219390869 16.6550750732422 16.6533279418945 16.65087890625 16.6475982666016 16.6413822174072 16.5855598449707 16.3986492156982 16.3433113098145 16.3500156402588
1964 09 19 00 16.5672817230225 16.5626659393311 16.5522155761719 16.5436401367188 16.532808303833 16.525857925415 16.5239105224609 16.520622253418 16.4978713989258 16.4963073730469
1964 09 20 00 16.5306529998779 16.5311946868896 16.5305862426758 16.5306453704834 16.5315570831299 16.531530380249 16.5313568115234 16.5288352966309 16.526985168457 16.5226612091064
1964 09 21 00 16.4554347991943 16.4555053710938 16.4541816711426 16.4519691467285 16.4875316619873 16.5258350372314 16.5287837982178 16.5226268768311 16.5226268768311 16.5226268768311
1964 09 22 00 16.2873058319092 16.2869873046875 16.2859172821045 16.2859802246094 16.3210601806641 16.4025077819824 16.4606151580811 16.4746360778809 16.4746360778809 16.4763984680176
1964 09 23 00 16.2867832183838 16.2811489105225 16.2686214447021 16.2561473846436 16.2507572174072 16.2662582397461 16.3513336181641 16.4341011047363 16.4387130737305 16.4749011993408
1964 09 24 00 16.1862564086914 16.1852512359619 16.1823043823242 16.1786861419678 16.1732482910156 16.2123470306396 16.3487892150879 16.3576240539551 16.3576240539551 16.456226348877
1964 09 25 00 16.1347351074219 16.1333427429199 16.1314105987549 16.1215381622314 16.1146144866943 16.1395568847656 16.2224979400635 16.2844352722168 16.2959823608398 16.3265151977539
1964 09 26 00 16.0431842803955 16.0399475097656 16.0680694580078 16.127534866333 16.1268463134766 16.162073135376 16.176061630249 16.1795959472656 16.1810550689697 16.1890964508057
1964 09 27 00 15.8435344696045 15.8427677154541 15.9374780654907 16.0424499511719 16.066837310791 16.09840965271 16.0984687805176 16.099910736084 16.099910736084 16.1021938323975
1964 09 28 00 15.7406959533691 15.7340698242188 15.8561191558838 15.9747171401978 16.0410118103027 16.082160949707 16.0921401977539 16.0923404693604 16.0901679992676 16.094575881958
1964 09 29 00 16.0447692871094 16.042163848877 16.0396385192871 16.2067623138428 16.3002109527588 16.2669925689697 16.2110214233398 16.1633949279785 16.1286945343018 16.1323146820068
1964 09 30 00 16.1724987030029 16.1697406768799 16.1600780487061 16.1440830230713 16.2078971862793 16.3289279937744 16.3350963592529 16.2578315734863 16.1520824432373 16.151294708252
1964 10 01 00 15.9430170059204 15.9420499801636 15.9390058517456 15.9376974105835 16.0591278076172 16.1941032409668 16.2362823486328 16.2318954467773 16.1841411590576 16.1728439331055
1964 10 02 00 15.8886489868164 15.8869504928589 15.8836612701416 15.8844518661499 16.0208721160889 16.0918674468994 16.1181678771973 16.1339073181152 16.1587581634521 16.1671257019043
1964 10 03 00 15.8098449707031 15.8053379058838 15.7886915206909 15.8019618988037 15.8921384811401 15.9510221481323 15.9723930358887 15.9737405776978 15.9755401611328 15.9808568954468
1964 10 04 00 15.8650770187378 15.8566226959229 15.8157196044922 15.7958431243896 15.8401737213135 15.9391555786133 15.9497117996216 15.9519605636597 15.9524936676025 15.959888458252
1964 10 05 00 15.8683023452759 15.8562698364258 15.8397254943848 15.8245077133179 15.8393030166626 15.9090585708618 15.9293737411499 15.9410648345947 15.9407224655151 15.9487314224243
1964 10 06 00 15.9773139953613 15.9772920608521 15.9766263961792 15.9787673950195 15.9916286468506 15.9917516708374 16.0000343322754 16.0033760070801 15.9950904846191 15.9876384735107
1964 10 07 00 15.924783706665 15.9242830276489 15.9250164031982 15.9712829589844 15.9825839996338 15.9828004837036 15.9821472167969 15.9813871383667 15.9800977706909 15.9741373062134
1964 10 08 00 15.7219333648682 15.7217092514038 15.7332324981689 15.8151006698608 15.8041839599609 15.8000259399414 15.7929878234863 15.7837448120117 15.7733135223389 15.7558717727661
1964 10 09 00 15.4340419769287 15.4336204528809 15.452428817749 15.6866655349731 15.7997713088989 15.8039131164551 15.7263031005859 15.6629581451416 15.6258544921875 15.5814723968506
1964 10 10 00 15.3510274887085 15.3537321090698 15.3554525375366 15.358775138855 15.3659620285034 15.4596605300903 15.5643749237061 15.5150365829468 15.4645805358887 15.4126663208008
1964 10 11 00 15.2956190109253 15.297534942627 15.2984495162964 15.3020105361938 15.3219308853149 15.3498067855835 15.3942604064941 15.4223012924194 15.3146419525146 15.2575330734253
1964 10 12 00 15.1298532485962 15.1306486129761 15.1313724517822 15.1312189102173 15.131664276123 15.1341037750244 15.1495513916016 15.236533164978 15.2157421112061 15.182186126709
1964 10 13 00 14.9514799118042 14.9528169631958 14.9528713226318 14.9523258209229 14.9526166915894 14.9565076828003 14.9655094146729 14.9648561477661 14.9531078338623 14.9289693832397
1964 10 14 00 14.7674999237061 14.7693510055542 14.7699747085571 14.771336555481 14.7748718261719 14.7882957458496 14.8683853149414 14.8827409744263 14.7823476791382 14.7192916870117
1964 10 15 00 14.6401824951172 14.6410703659058 14.6405477523804 14.6392498016357 14.6376905441284 14.636022567749 14.6341152191162 14.6314554214478 14.581485748291 14.536696434021
1964 10 16 00 14.5331506729126 14.5339183807373 14.5332326889038 14.5318899154663 14.5302076339722 14.528223991394 14.5258226394653 14.5225391387939 14.4702863693237 14.4350271224976
1964 10 17 00 14.4549751281738 14.4554662704468 14.4553194046021 14.4548759460449 14.454270362854 14.4535264968872 14.4526386260986 14.4431190490723 14.3907203674316 14.3698673248291
1964 10 18 00 14.3284997940063 14.3360652923584 14.3374433517456 14.3381004333496 14.3395652770996 14.3451623916626 14.3525867462158 14.3498735427856 14.3475217819214 14.348030090332
1964 10 19 00 14.2290897369385 14.2295951843262 14.2285585403442 14.2274513244629 14.2283306121826 14.2407970428467 14.2405433654785 14.2403707504272 14.2406406402588 14.2406406402588
1964 10 20 00 14.1777849197388 14.1779870986938 14.177752494812 14.1770877838135 14.1766519546509 14.1774082183838 14.1846599578857 14.2237176895142 14.2344226837158 14.2347850799561
1964 10 21 00 14.0357866287231 14.036078453064 14.0350894927979 14.0341720581055 14.0358781814575 14.0848817825317 14.2418022155762 14.3469867706299 14.3621225357056 14.3626499176025
1964 10 22 00 13.7630271911621 13.7633857727051 13.7630758285522 13.7633495330811 13.7674121856689 13.8904418945312 14.1157302856445 14.1877641677856 14.2669124603271 14.2921905517578
1964 10 23 00 13.7558469772339 13.7560663223267 13.756142616272 13.7563104629517 13.7570714950562 13.7731008529663 13.8077621459961 13.8180742263794 13.8220701217651 13.8315181732178
1964 10 24 00 13.5842113494873 13.5861644744873 13.5865526199341 13.5866022109985 13.5869483947754 13.5877122879028 13.5893201828003 13.5923662185669 13.5985517501831 13.6188945770264
1964 10 25 00 13.1489505767822 13.1494245529175 13.150315284729 13.1558790206909 13.204517364502 13.2560291290283 13.2669486999512 13.2756385803223 13.2811183929443 13.3090314865112
1964 10 26 00 12.7427282333374 12.7417669296265 12.7409048080444 12.7909622192383 12.9310598373413 13.0845623016357 13.0875759124756 13.0898771286011 13.0898771286011 13.1012649536133
1964 10 27 00 12.5316209793091 12.5309324264526 12.5286149978638 12.5292682647705 12.6152534484863 12.9903554916382 13.1514329910278 13.1505947113037 13.13512134552 13.1271114349365
1964 10 28 00 12.5833225250244 12.583306312561 12.5821809768677 12.5863265991211 12.8254709243774 13.2642440795898 13.3314428329468 13.182430267334 13.10325050354 13.1039266586304
1964 10 29 00 12.7462100982666 12.746880531311 12.7443609237671 12.7429323196411 12.7478294372559 12.9906606674194 13.2173805236816 13.2501220703125 13.0783824920654 13.0477962493896
1964 10 30 00 12.7208232879639 12.7214431762695 12.7205085754395 12.7206182479858 12.7280168533325 12.84792137146 13.0156126022339 13.1352367401123 13.1378679275513 13.1142024993896
1964 10 31 00 12.9082384109497 12.9089260101318 12.9092864990234 12.9111423492432 12.9161758422852 12.9436779022217 13.1430425643921 13.2864360809326 13.2180614471436 13.0900592803955
1964 11 01 00 12.7040481567383 12.7032766342163 12.7016696929932 12.7019281387329 12.7648105621338 12.9909172058105 13.1769819259644 13.2455730438232 13.2384004592896 12.8759622573853
1964 11 02 00 12.5199880599976 12.5167770385742 12.4997987747192 12.558479309082 12.7301845550537 12.8900690078735 12.9778614044189 12.9577608108521 12.8376379013062 12.5453824996948
1964 11 03 00 12.0686321258545 12.0657863616943 12.0826072692871 12.3806686401367 12.6554546356201 12.8360033035278 12.9165077209473 12.8874864578247 12.8870420455933 12.8870420455933
1964 11 04 00 11.97216796875 11.9711475372314 11.9736948013306 12.1417360305786 12.6242094039917 12.8284673690796 12.939266204834 12.9748840332031 12.9639482498169 12.9639482498169
1964 11 05 00 11.8673448562622 11.8673448562622 11.8670864105225 11.8706331253052 12.171802520752 12.5625495910645 12.8378133773804 12.9407663345337 12.9325304031372 12.9523515701294
1964 11 06 00 11.7943248748779 11.7952175140381 11.7959384918213 11.7963256835938 11.8131093978882 12.2937841415405 12.6985054016113 12.9041767120361 12.8974180221558 12.9562654495239
1964 11 07 00 11.7901926040649 11.7888669967651 11.7885656356812 11.7888498306274 11.794454574585 12.206521987915 12.6525001525879 12.8708267211914 12.8842306137085 12.9454641342163
1964 11 08 00 11.9319009780884 11.9319801330566 11.931357383728 11.9385967254639 11.948881149292 11.9616527557373 12.0545101165771 12.3091449737549 12.3759059906006 12.4368495941162
1964 11 09 00 11.8214387893677 11.8213882446289 11.8212690353394 11.822057723999 11.8540058135986 11.8836965560913 11.9193077087402 11.9526319503784 11.9929246902466 12.016429901123
1964 11 10 00 11.8104915618896 11.8088130950928 11.80774974823 11.806978225708 11.8064002990723 11.8059892654419 11.8056812286377 11.8047800064087 11.8025484085083 11.7952642440796
1964 11 11 00 11.9409122467041 11.9406280517578 11.9405813217163 11.9405813217163 11.9405813217163 11.9405813217163 11.9405813217163 11.9404668807983 11.9402923583984 11.9389028549194
1964 11 12 00 11.904314994812 11.9045267105103 11.9042568206787 11.9040031433105 11.9046030044556 11.9073915481567 11.9079170227051 11.9078407287598 11.9081296920776 11.9104766845703
1964 11 13 00 11.744668006897 11.7452640533447 11.7448663711548 11.7456722259521 11.7659034729004 11.7911348342896 11.8020668029785 11.8055553436279 11.8114166259766 11.8580598831177
1964 11 14 00 11.5542116165161 11.5557479858398 11.5554218292236 11.5545701980591 11.5535678863525 11.5526647567749 11.5523262023926 11.542649269104 11.5377883911133 11.5648517608643
1964 11 15 00 11.3545761108398 11.380708694458 11.3928308486938 11.3901567459106 11.3972759246826 11.4100141525269 11.4075651168823 11.3922119140625 11.3917646408081 11.3940382003784
1964 11 16 00 11.1787261962891 11.1789197921753 11.2302198410034 11.2453346252441 11.2575960159302 11.2821550369263 11.2980709075928 11.3108396530151 11.3261871337891 11.3496046066284
1964 11 17 00 11.1987705230713 11.1991033554077 11.1992235183716 11.1992750167847 11.1987524032593 11.1957912445068 11.1908683776855 11.2013235092163 11.2503976821899 11.3387145996094
1964 11 18 00 11.1934309005737 11.1937789916992 11.193639755249 11.1933794021606 11.1930847167969 11.1928005218506 11.1924352645874 11.1947689056396 11.2045621871948 11.2540626525879
1964 11 19 00 11.1737451553345 11.1756582260132 11.1766128540039 11.1771945953369 11.1773719787598 11.1772623062134 11.176905632019 11.1763181686401 11.1744651794434 11.1616992950439
1964 11 20 00 10.9789295196533 10.9802989959717 10.9843187332153 11.0324211120605 11.0708532333374 11.079740524292 11.0708827972412 11.0655841827393 11.0442667007446 11.0399322509766
1964 11 21 00 10.7617015838623 10.7631769180298 10.766375541687 10.8315658569336 10.9554510116577 11.015606880188 11.0307121276855 11.0275783538818 11.0145578384399 11.0102844238281
1964 11 22 00 10.5942134857178 10.6145715713501 10.9035348892212 11.0732583999634 11.1052799224854 11.0996856689453 11.1212730407715 11.1451749801636 11.0772743225098 11.0212116241455
1964 11 23 00 10.5250301361084 10.5190801620483 10.5255146026611 10.8378219604492 11.1055917739868 11.2138814926147 11.2278060913086 11.2203540802002 11.1205987930298 11.0608701705933
1964 11 24 00 10.5691194534302 10.5691328048706 10.5688219070435 10.5844841003418 10.8900651931763 11.3875360488892 11.7249517440796 11.7496147155762 11.5979194641113 11.2595338821411
1964 11 25 00 10.3611345291138 10.3608713150024 10.359751701355 10.3617925643921 10.4738550186157 10.8598299026489 11.3772659301758 11.7250270843506 11.7147312164307 11.6550645828247
1964 11 26 00 10.0180644989014 10.0159959793091 10.0130023956299 10.0182590484619 10.5328722000122 11.149827003479 11.5485916137695 11.6791305541992 11.687198638916 11.679479598999
1964 11 27 00 9.57344245910645 9.57247161865234 9.57179927825928 9.59649085998535 10.3305950164795 10.6412353515625 10.8469476699829 11.1628322601318 11.4324750900269 11.4503297805786
1964 11 28 00 8.91498184204102 8.91499328613281 8.91538715362549 8.93249988555908 9.43437004089355 9.6757698059082 9.92451477050781 10.2870016098022 10.9241847991943 11.0587768554688
1964 11 29 00 8.94560050964355 8.945725440979 8.94590759277344 8.94634628295898 8.94894790649414 8.95758724212646 8.99239158630371 9.15741539001465 9.81525039672852 10.0200071334839
1964 11 30 00 9.22705173492432 9.22705173492432 9.22705173492432 9.22705173492432 9.22705173492432 9.22705173492432 9.22705173492432 9.22705173492432 9.22705173492432 9.22705173492432
1964 12 01 00 9.06778621673584 9.06778621673584 9.06778621673584 9.06778621673584 9.06778621673584 9.06778621673584 9.06778621673584 9.06778621673584 9.06778621673584 9.06778621673584
1964 12 02 00 8.95583248138428 8.95623016357422 8.956374168396 8.95641994476318 8.95645904541016 8.95647239685059 8.95650005340576 8.95655536651611 8.95576953887939 8.95493125915527
1964 12 03 00 9.01690196990967 9.01699829101562 9.01713466644287 9.01140975952148 9.01140975952148 9.02326011657715 9.02070140838623 9.01439476013184 8.993896484375 8.95906543731689
1964 12 04 00 9.22344207763672 9.2234468460083 9.22408008575439 9.24224853515625 9.23868846893311 9.29764366149902 9.38712120056152 9.39758682250977 9.25862407684326 9.14906692504883
1964 12 05 00 9.0104866027832 9.01049423217773 9.01049613952637 9.01044464111328 9.01627922058105 9.04211616516113 9.10695362091064 9.17140293121338 9.20634174346924 9.12437915802002
1964 12 06 00 8.72396469116211 8.72430419921875 8.72412967681885 8.72376728057861 8.72335243225098 8.72294998168945 8.72268199920654 8.72216129302979 8.73540687561035 8.74559593200684
1964 12 07 00 8.58439922332764 8.58460521697998 8.58441257476807 8.5839204788208 8.583571434021 8.58402538299561 8.58588886260986 8.58870792388916 8.5889368057251 8.59123706817627
1964 12 08 00 8.66473770141602 8.664870262146 8.66480922698975 8.66508483886719 8.67088603973389 8.72803401947021 8.78124618530273 8.78785133361816 8.74673461914062 8.71538066864014
1964 12 09 00 8.67831039428711 8.67805767059326 8.67750930786133 8.68844223022461 8.7120885848999 8.83482456207275 8.98492622375488 9.12918472290039 9.12418651580811 9.12142562866211
1964 12 10 00 8.55901908874512 8.55911254882812 8.55934619903564 8.56283664703369 8.65868473052979 8.74372482299805 8.8853874206543 9.05165481567383 9.17667007446289 9.17656230926514
1964 12 11 00 8.47402381896973 8.47402381896973 8.47402667999268 8.47422218322754 8.47954654693604 8.58190250396729 8.80908489227295 9.17328071594238 9.42478179931641 9.47231197357178
1964 12 12 00 8.26180076599121 8.26181507110596 8.26175594329834 8.26066303253174 8.26035785675049 8.26608085632324 8.2713451385498 8.27372550964355 8.5857982635498 8.64830017089844
1964 12 13 00 8.06588268280029 8.06594657897949 8.06497287750244 8.07448673248291 8.07158756256104 8.08087158203125 8.20378971099854 8.28407764434814 8.19891452789307 8.21311855316162
1964 12 14 00 7.82283210754395 7.8217625617981 7.83713388442993 8.09801864624023 8.29166698455811 8.53807640075684 8.94865226745605 9.37275123596191 8.98810768127441 8.94355392456055
1964 12 15 00 8.40922546386719 8.41539859771729 8.53808212280273 9.20574855804443 9.49989795684814 9.62689399719238 9.68053531646729 9.7717456817627 9.42606639862061 9.28124904632568
1964 12 16 00 8.52827548980713 8.53287029266357 8.58932399749756 9.41261291503906 9.80848121643066 9.95209789276123 9.95960426330566 9.87085819244385 9.48092079162598 9.29355525970459
1964 12 17 00 8.3698844909668 8.36959648132324 8.37355613708496 9.1148567199707 9.71008586883545 9.84579372406006 9.69221210479736 9.59574890136719 9.55030727386475 9.51723384857178
1964 12 18 00 8.37662696838379 8.37699699401855 8.38321399688721 8.87656211853027 9.52098369598389 9.75343227386475 9.77998447418213 9.66896057128906 9.56640434265137 9.54414844512939
1964 12 19 00 8.57351875305176 8.57381153106689 8.57572460174561 8.65513134002686 9.38077449798584 9.55348110198975 9.52135848999023 9.50402450561523 9.47707462310791 9.47602367401123
1964 12 20 00 8.70053291320801 8.70036888122559 8.70107746124268 8.77055549621582 9.22048187255859 9.36349010467529 9.34658527374268 9.34470081329346 9.34187126159668 9.33838939666748
1964 12 21 00 8.88819980621338 8.8882303237915 8.88828277587891 8.88883590698242 8.92791557312012 9.04841995239258 9.10332202911377 9.1762866973877 9.17939281463623 9.18189334869385
1964 12 22 00 8.66274356842041 8.66331958770752 8.66337871551514 8.6633358001709 8.66338634490967 8.663818359375 8.66597270965576 8.68442535400391 8.69985866546631 8.71727085113525
1964 12 23 00 8.31538772583008 8.31538772583008 8.31538772583008 8.31538772583008 8.31538772583008 8.31538772583008 8.31538772583008 8.31538772583008 8.31538772583008 8.31538772583008
1964 12 24 00 7.9675087928772 7.96760034561157 7.96774816513062 7.9674825668335 7.96714353561401 7.96682071685791 7.96659708023071 7.96662616729736 7.96705627441406 7.96893119812012
1964 12 25 00 7.82880735397339 7.82902765274048 7.82916450500488 7.82888269424438 7.82881450653076 7.82877492904663 7.82878112792969 7.82878112792969 7.82878112792969 7.8287410736084
1964 12 26 00 7.8136420249939 7.8109655380249 7.80608320236206 7.79435110092163 7.77806663513184 7.75573539733887 7.75444984436035 7.7535457611084 7.75250864028931 7.75244760513306
1964 12 27 00 7.8850736618042 7.88465213775635 7.88418436050415 7.88349723815918 7.88206100463867 7.86643981933594 7.85267353057861 7.84685230255127 7.79558563232422 7.78139066696167
1964 12 28 00 8.08849048614502 8.08790874481201 8.0862283706665 8.08803558349609 8.10524463653564 8.17852020263672 8.26326751708984 8.2432279586792 8.17984485626221 8.13992404937744
1964 12 29 00 8.2626371383667 8.26256370544434 8.33090209960938 8.51802444458008 8.61144161224365 8.66064834594727 8.74157524108887 8.76673221588135 8.75962257385254 8.74269390106201
1964 12 30 00 8.10265445709229 8.10234260559082 8.88626670837402 8.93921947479248 8.93921947479248 8.93921947479248 8.93563365936279 8.9091796875 8.86437892913818 8.75625324249268
1964 12 31 00 7.73420429229736 7.73769474029541 8.58697319030762 8.74572467803955 8.80617332458496 8.76787376403809 8.68583202362061 8.54825496673584 8.4018030166626 8.19662380218506
