1964 01 01 0 0.0040354086086154
1964 01 02 0 0.00573588302358985
1964 01 03 0 0.00798142980784178
1964 01 04 0 0.00321473088115454
1964 01 05 0 0.00265756342560053
1964 01 06 0 0.0043947440572083
1964 01 07 0 0.00355667411349714
1964 01 08 0 0.00212868861854076
1964 01 09 0 0.0100911799818277
1964 01 10 0 0.0144169349223375
1964 01 11 0 0.0386070944368839
1964 01 12 0 0.00274780625477433
1964 01 13 0 0.00293102185241878
1964 01 14 0 0.00404983200132847
1964 01 15 0 0.0039220005273819
1964 01 16 0 0.00426593003794551
1964 01 17 0 0.00333430315367877
1964 01 18 0 0.00193031236995012
1964 01 19 0 0.00265445024706423
1964 01 20 0 0.00305780116468668
1964 01 21 0 0.00254257605411112
1964 01 22 0 0.00123640359379351
1964 01 23 0 0.000455849920399487
1964 01 24 0 0.00027199718169868
1964 01 25 0 0.00149016524665058
1964 01 26 0 0.00174906954634935
1964 01 27 0 0.00310906977392733
1964 01 28 0 0.00152013078331947
1964 01 29 0 0.000902664440218359
1964 01 30 0 0.000794513674918562
1964 01 31 0 0.000822261499706656
1964 02 01 0 0.00106979464180768
1964 02 02 0 0.000884682056494057
1964 02 03 0 0.00141684955451638
1964 02 04 0 0.002020672429353
1964 02 05 0 0.00237110862508416
1964 02 06 0 0.00202206056565046
1964 02 07 0 0.002376489341259
1964 02 08 0 0.00772802392020822
1964 02 09 0 0.00305687170475721
1964 02 10 0 0.000856898084748536
1964 02 11 0 0.000652948743663728
1964 02 12 0 0.00153533136472106
1964 02 13 0 0.0018649889389053
1964 02 14 0 0.00193828355986625
1964 02 15 0 0.00279705808497965
1964 02 16 0 0.00404610950499773
1964 02 17 0 0.0021071988157928
1964 02 18 0 0.001515232026577
1964 02 19 0 0.00508251367136836
1964 02 20 0 0.00250768102705479
1964 02 21 0 0.000922717561479658
1964 02 22 0 0.000892357726115733
1964 02 23 0 0.000553932797629386
1964 02 24 0 0.00104559399187565
1964 02 25 0 0.00140237959567457
1964 02 26 0 0.00185178034007549
1964 02 27 0 0.00207614246755838
1964 02 28 0 0.00214080954901874
1964 02 29 0 0.00214080954901874
1964 03 01 0 0.00198177807033062
1964 03 02 0 0.000984262325800955
1964 03 03 0 0.00242863199673593
1964 03 04 0 0.0017499242676422
1964 03 05 0 0.000960379315074533
1964 03 06 0 0.000396444753278047
1964 03 07 0 0.000783039780799299
1964 03 08 0 0.00133135437499732
1964 03 09 0 0.000639046542346478
1964 03 10 0 0.000704531325027347
1964 03 11 0 0.000646577274892479
1964 03 12 0 0.000894750934094191
1964 03 13 0 0.00211374647915363
1964 03 14 0 0.00336787034757435
1964 03 15 0 0.0026940272655338
1964 03 16 0 0.00212129228748381
1964 03 17 0 0.00198792945593596
1964 03 18 0 0.00146402197424322
1964 03 19 0 0.00113564869388938
1964 03 20 0 0.00219377339817584
1964 03 21 0 0.00995489675551653
1964 03 22 0 0.0111320493742824
1964 03 23 0 0.000680787314195186
1964 03 24 0 0.000689021195285022
1964 03 25 0 0.00125386414583772
1964 03 26 0 0.00278071197681129
1964 03 27 0 0.000376953976228833
1964 03 28 0 0.000513319566380233
1964 03 29 0 0.00120377563871443
1964 03 30 0 0.00373277417384088
1964 03 31 0 0.00184792769141495
1964 04 01 0 0.00836376566439867
1964 04 02 0 0.0045590135268867
1964 04 03 0 0.00179770716931671
1964 04 04 0 0.00249608256854117
1964 04 05 0 0.00235223327763379
1964 04 06 0 0.0016856612637639
1964 04 07 0 0.00160875986330211
1964 04 08 0 0.000961243698839098
1964 04 09 0 0.000577274477109313
1964 04 10 0 0.000272047007456422
1964 04 11 0 0.000194279797142372
1964 04 12 0 0.00143142929300666
1964 04 13 0 0.0028724386356771
1964 04 14 0 0.000794291729107499
1964 04 15 0 0.000483022857224569
1964 04 16 0 0.000666378648020327
1964 04 17 0 0.000645623076707125
1964 04 18 0 0.00108281883876771
1964 04 19 0 0.00177110335789621
1964 04 20 0 0.00181033124681562
1964 04 21 0 0.00111194443888962
1964 04 22 0 0.000635320495348424
1964 04 23 0 0.000733260123524815
1964 04 24 0 0.0023862652014941
1964 04 25 0 0.00136681844014674
1964 04 26 0 0.00047769900993444
1964 04 27 0 0.00037898140726611
1964 04 28 0 0.00088410108583048
1964 04 29 0 0.000910406233742833
1964 04 30 0 0.000315084209432825
1964 05 01 0 0.000700392934959382
1964 05 02 0 0.000520017871167511
1964 05 03 0 0.000546793336980045
1964 05 04 0 0.000802771770395339
1964 05 05 0 0.0011802357621491
1964 05 06 0 0.000414617796195671
1964 05 07 0 0.000979286152869463
1964 05 08 0 0.00199796981178224
1964 05 09 0 0.00110169209074229
1964 05 10 0 0.00114804354961962
1964 05 11 0 0.000274463440291584
1964 05 12 0 0.000245968840317801
1964 05 13 0 0.00146707042586058
1964 05 14 0 0.00144835899118334
1964 05 15 0 0.000466715806396678
1964 05 16 0 0.000243579517700709
1964 05 17 0 0.000682685524225235
1964 05 18 0 0.000704052858054638
1964 05 19 0 0.000612481380812824
1964 05 20 0 0.000668746011797339
1964 05 21 0 0.00140845112036914
1964 05 22 0 0.00103561452124268
1964 05 23 0 0.000491254613734782
1964 05 24 0 0.000581434811465442
1964 05 25 0 0.000526474323123693
1964 05 26 0 0.000434972404036671
1964 05 27 0 0.000772649596910924
1964 05 28 0 0.000472418061690405
1964 05 29 0 0.00040041669853963
1964 05 30 0 0.000226003976422362
1964 05 31 0 0.000498447858262807
1964 06 01 0 0.000617227982729673
1964 06 02 0 0.0009063960169442
1964 06 03 0 0.000532231701072305
1964 06 04 0 0.00039492073119618
1964 06 05 0 0.000278910709312186
1964 06 06 0 0.000513916660565883
1964 06 07 0 0.000957008160185069
1964 06 08 0 0.000579977582674474
1964 06 09 0 0.000603576190769672
1964 06 10 0 0.000805489136837423
1964 06 11 0 0.000804771727416664
1964 06 12 0 0.000345933978678659
1964 06 13 0 0.000248048891080543
1964 06 14 0 0.00045480445260182
1964 06 15 0 0.00102902227081358
1964 06 16 0 0.000930751906707883
1964 06 17 0 0.000463815813418478
1964 06 18 0 0.000339432706823573
1964 06 19 0 0.000528813630808145
1964 06 20 0 0.000583963934332132
1964 06 21 0 0.000426756159868091
1964 06 22 0 0.000590676325373352
1964 06 23 0 0.00120912888087332
1964 06 24 0 0.00062921445351094
1964 06 25 0 0.000182011222932488
1964 06 26 0 0.000180835835635662
1964 06 27 0 0.000288212380837649
1964 06 28 0 0.000788162520620972
1964 06 29 0 0.000878419145010412
1964 06 30 0 0.000593773904256523
1964 07 01 0 0.000598643615376204
1964 07 02 0 0.00126608239952475
1964 07 03 0 0.00148284784518182
1964 07 04 0 0.00138526945374906
1964 07 05 0 0.000820026674773544
1964 07 06 0 0.000891789153683931
1964 07 07 0 0.000847213610541075
1964 07 08 0 0.00164630892686546
1964 07 09 0 0.00587933603674173
1964 07 10 0 0.00664949929341674
1964 07 11 0 0.00152508413884789
1964 07 12 0 0.000255783554166555
1964 07 13 0 0.000870804477017373
1964 07 14 0 0.00108596764039248
1964 07 15 0 0.000813891878351569
1964 07 16 0 0.000596782716456801
1964 07 17 0 0.00125615589786321
1964 07 18 0 0.00139859784394503
1964 07 19 0 0.00133404764346778
1964 07 20 0 0.000715447007678449
1964 07 21 0 0.000491640181280673
1964 07 22 0 0.000609720824286342
1964 07 23 0 0.000625724787823856
1964 07 24 0 0.000622645777184516
1964 07 25 0 0.00826567783951759
1964 07 26 0 0.00161009491421282
1964 07 27 0 0.00034296527155675
1964 07 28 0 0.00033065167372115
1964 07 29 0 0.000651143898721784
1964 07 30 0 0.00050471187569201
1964 07 31 0 0.000577296654228121
1964 08 01 0 0.000403373065637425
1964 08 02 0 0.00079583574552089
1964 08 03 0 0.00199301005341113
1964 08 04 0 0.00235023605637252
1964 08 05 0 0.00190352462232113
1964 08 06 0 0.00153948145452887
1964 08 07 0 0.000878318620380014
1964 08 08 0 0.000438859453424811
1964 08 09 0 0.000416699389461428
1964 08 10 0 0.000587856920901686
1964 08 11 0 0.000331473798723891
1964 08 12 0 0.000160705109010451
1964 08 13 0 0.000306904723402113
1964 08 14 0 0.00481068762019277
1964 08 15 0 0.00658306991681457
1964 08 16 0 0.0331781543791294
1964 08 17 0 0.0344986580312252
1964 08 18 0 0.015833368524909
1964 08 19 0 0.00281497905962169
1964 08 20 0 0.00105778628494591
1964 08 21 0 0.00115690845996141
1964 08 22 0 0.00178477843292058
1964 08 23 0 0.00162720610387623
1964 08 24 0 0.000983678852207959
1964 08 25 0 0.00089576467871666
1964 08 26 0 0.000960652250796556
1964 08 27 0 0.00148907350376248
1964 08 28 0 0.00143401161767542
1964 08 29 0 0.00205527315847576
1964 08 30 0 0.0018610639963299
1964 08 31 0 0.000671806512400508
1964 09 01 0 0.00103271100670099
1964 09 02 0 0.000914329953957349
1964 09 03 0 0.00109975808300078
1964 09 04 0 0.00136475765611976
1964 09 05 0 0.000736419169697911
1964 09 06 0 0.00324266264215112
1964 09 07 0 0.00169024185743183
1964 09 08 0 0.00124783511273563
1964 09 09 0 0.00131565693300217
1964 09 10 0 0.00252620945684612
1964 09 11 0 0.00381168117746711
1964 09 12 0 0.00339761632494628
1964 09 13 0 0.00279377354308963
1964 09 14 0 0.00330965360626578
1964 09 15 0 0.00154469849076122
1964 09 16 0 0.00063760147895664
1964 09 17 0 0.000395289011066779
1964 09 18 0 0.00208381842821836
1964 09 19 0 0.00237793754786253
1964 09 20 0 0.00218627764843404
1964 09 21 0 0.00199948297813535
1964 09 22 0 0.00103628728538752
1964 09 23 0 0.000849756703246385
1964 09 24 0 0.00121613219380379
1964 09 25 0 0.000986784347333014
1964 09 26 0 0.000505331088788807
1964 09 27 0 0.000614088494330645
1964 09 28 0 0.00187720626126975
1964 09 29 0 0.00219898880459368
1964 09 30 0 0.00220308639109135
1964 10 01 0 0.00140135840047151
1964 10 02 0 0.000810285680927336
1964 10 03 0 0.00141849101055413
1964 10 04 0 0.00112539110705256
1964 10 05 0 0.000523223541676998
1964 10 06 0 0.0090655479580164
1964 10 07 0 0.0349785573780537
1964 10 08 0 0.00549488794058561
1964 10 09 0 0.00203267601318657
1964 10 10 0 0.00165521062444896
1964 10 11 0 0.00139977573417127
1964 10 12 0 0.00114061858039349
1964 10 13 0 0.000825914379674941
1964 10 14 0 0.000938981422223151
1964 10 15 0 0.0118949618190527
1964 10 16 0 0.00256868102587759
1964 10 17 0 0.00116467010229826
1964 10 18 0 0.00167588540352881
1964 10 19 0 0.00109192682430148
1964 10 20 0 0.00149944191798568
1964 10 21 0 0.00184480252210051
1964 10 22 0 0.00204388448037207
1964 10 23 0 0.00357067584991455
1964 10 24 0 0.00142320978920907
1964 10 25 0 0.00123165210243315
1964 10 26 0 0.00261934753507376
1964 10 27 0 0.00305982306599617
1964 10 28 0 0.00480539631098509
1964 10 29 0 0.00308828568086028
1964 10 30 0 0.0023350149858743
1964 10 31 0 0.00216472987085581
1964 11 01 0 0.00149304280057549
1964 11 02 0 0.00171651237178594
1964 11 03 0 0.00393008813261986
1964 11 04 0 0.00164107186719775
1964 11 05 0 0.00115834595635533
1964 11 06 0 0.00152629101648927
1964 11 07 0 0.00103711942210793
1964 11 08 0 0.00312687829136848
1964 11 09 0 0.00166284770239145
1964 11 10 0 0.00254212017171085
1964 11 11 0 0.00241165794432163
1964 11 12 0 0.00193005451001227
1964 11 13 0 0.00263236067257822
1964 11 14 0 0.00492912344634533
1964 11 15 0 0.00221033021807671
1964 11 16 0 0.00383855286054313
1964 11 17 0 0.00268908240832388
1964 11 18 0 0.00176768889650702
1964 11 19 0 0.004789799451828
1964 11 20 0 0.00121052900794894
1964 11 21 0 0.00197665859013796
1964 11 22 0 0.00191607361193746
1964 11 23 0 0.00169329484924674
1964 11 24 0 0.00178400694858283
1964 11 25 0 0.000597132719121873
1964 11 26 0 0.000644583429675549
1964 11 27 0 0.00262095383368433
1964 11 28 0 0.00201975181698799
1964 11 29 0 0.00111937685869634
1964 11 30 0 0.00526019325479865
1964 12 01 0 0.00229262979701161
1964 12 02 0 0.0033797905780375
1964 12 03 0 0.00368032814003527
1964 12 04 0 0.00285974540747702
1964 12 05 0 0.0032042779494077
1964 12 06 0 0.00341769121587276
1964 12 07 0 0.00137370522134006
1964 12 08 0 0.00278312200680375
1964 12 09 0 0.00301523879170418
1964 12 10 0 0.00380605179816484
1964 12 11 0 0.0024691519793123
1964 12 12 0 0.001271718647331
1964 12 13 0 0.000366166146704927
1964 12 14 0 0.00130716722924262
1964 12 15 0 0.00247163325548172
1964 12 16 0 0.00281776837073267
1964 12 17 0 0.00152547587640584
1964 12 18 0 0.000626130378805101
1964 12 19 0 0.00112090585753322
1964 12 20 0 0.00120374001562595
1964 12 21 0 0.000998562201857567
1964 12 22 0 0.00201699207536876
1964 12 23 0 0.000841147208120674
1964 12 24 0 0.00221897591836751
1964 12 25 0 0.0019494250882417
1964 12 26 0 0.00186805089469999
1964 12 27 0 0.0020375216845423
1964 12 28 0 0.00184217316564173
1964 12 29 0 0.00438398355618119
1964 12 30 0 0.00387049582786858
1964 12 31 0 0.00411704136058688
