1964 01 01 00 5.78238248825073 5.78276681900024 5.78234720230103 5.78149032592773 5.7803521156311 5.77905416488647 5.77763414382935 5.77964401245117 5.90568876266479 6.13979244232178 6.37145757675171 6.70968008041382 6.79816865921021 6.80252838134766 7.13007497787476
1964 01 02 00 6.23394203186035 6.23416900634766 6.23441505432129 6.23444509506226 6.23432922363281 6.23423194885254 6.23434686660767 6.23563766479492 6.24614763259888 6.34392023086548 6.43381309509277 6.36325931549072 6.347496509552 6.44473552703857 7.02050590515137
1964 01 03 00 5.99171829223633 5.99171829223633 5.9917311668396 5.99165153503418 5.9914722442627 5.99117851257324 5.99078321456909 5.99026679992676 5.98948669433594 5.98828077316284 5.98603773117065 5.98157596588135 5.96706819534302 5.83247423171997 6.03787279129028
1964 01 04 00 5.52451801300049 5.52451801300049 5.52451801300049 5.52451801300049 5.52450084686279 5.52439594268799 5.52427196502686 5.52413272857666 5.52397966384888 5.52388572692871 5.52445602416992 5.52664518356323 5.52725696563721 5.52182722091675 5.55154943466187
1964 01 05 00 5.3848557472229 5.38586473464966 5.38564920425415 5.38524627685547 5.38495302200317 5.38483953475952 5.39519309997559 5.4129433631897 5.43725109100342 5.48175811767578 5.53698253631592 5.55608034133911 5.53287363052368 5.51885652542114 5.52348613739014
1964 01 06 00 5.35324001312256 5.35349941253662 5.35389566421509 5.35449981689453 5.35618162155151 5.36475992202759 5.44204330444336 5.58598709106445 5.63769626617432 5.69549655914307 5.7378191947937 5.7134861946106 5.64011526107788 5.61067676544189 5.5973539352417
1964 01 07 00 5.53655290603638 5.53777170181274 5.53815698623657 5.53797054290771 5.53775024414062 5.53906917572021 5.54552173614502 5.59311771392822 5.74450778961182 5.80063390731812 5.89260244369507 5.94816589355469 5.91721677780151 5.92904281616211 5.94187545776367
1964 01 08 00 5.44830894470215 5.44943904876709 5.44946002960205 5.44916725158691 5.44878196716309 5.44863557815552 5.4494252204895 5.45515918731689 5.52194166183472 5.74997901916504 6.04147624969482 6.18305635452271 6.18628978729248 6.26381635665894 6.33060312271118
1964 01 09 00 5.38861560821533 5.38990020751953 5.39039182662964 5.39069175720215 5.39100503921509 5.39149045944214 5.39250993728638 5.39483404159546 5.40338754653931 5.53299617767334 5.82292079925537 6.04097700119019 6.12619352340698 6.19558477401733 6.25945568084717
1964 01 10 00 5.73904371261597 5.73982667922974 5.74000215530396 5.73973941802979 5.73918914794922 5.73845958709717 5.73751497268677 5.73619413375854 5.73408365249634 5.72973346710205 5.72033643722534 5.72483158111572 5.74333667755127 5.85147857666016 5.93457460403442
1964 01 11 00 5.49911832809448 5.49911832809448 5.49911832809448 5.49911832809448 5.49911832809448 5.49911832809448 5.49911832809448 5.49911832809448 5.49911832809448 5.49911832809448 5.49918651580811 5.49968099594116 5.50193023681641 5.50691509246826 5.55835819244385
1964 01 12 00 5.1632924079895 5.16401243209839 5.16404485702515 5.16385364532471 5.16353225708008 5.1631293296814 5.1626501083374 5.16211318969727 5.16151142120361 5.16083860397339 5.16005992889404 5.15914678573608 5.15811061859131 5.15668344497681 5.15527248382568
1964 01 13 00 5.14766073226929 5.14865446090698 5.14996147155762 5.15182113647461 5.14896011352539 5.14684677124023 5.14701843261719 5.1460132598877 5.14563035964966 5.15203332901001 5.14196634292603 5.128249168396 5.12402629852295 5.11813640594482 5.10337781906128
1964 01 14 00 5.10144186019897 5.1014347076416 5.10055828094482 5.10372734069824 5.11241483688354 5.1320161819458 5.14854049682617 5.15716457366943 5.15649557113647 5.14794540405273 5.12992286682129 5.10532760620117 5.08580255508423 5.05355739593506 5.04515981674194
1964 01 15 00 5.06907224655151 5.06874513626099 5.0674295425415 5.06643962860107 5.06966352462769 5.14883327484131 5.17195892333984 5.1735987663269 5.17177534103394 5.15803337097168 5.13273525238037 5.11379623413086 5.10046434402466 5.09554767608643 5.06847667694092
1964 01 16 00 5.08915710449219 5.08898544311523 5.08798265457153 5.08748006820679 5.0928316116333 5.14546346664429 5.15809106826782 5.1617169380188 5.15390205383301 5.12495374679565 5.10256052017212 5.09318017959595 5.10367488861084 5.12931346893311 5.12962818145752
1964 01 17 00 5.11988592147827 5.12089872360229 5.12038993835449 5.12015771865845 5.12688589096069 5.13799905776978 5.14254713058472 5.13971281051636 5.13724231719971 5.14798498153687 5.16661548614502 5.23575830459595 5.35735702514648 5.43452644348145 5.48040008544922
1964 01 18 00 5.09787702560425 5.10008811950684 5.09981250762939 5.09880876541138 5.09753847122192 5.09654951095581 5.09637880325317 5.09873151779175 5.1215124130249 5.198899269104 5.26847410202026 5.38433313369751 5.51261472702026 5.62627267837524 5.69564008712769
1964 01 19 00 5.10747575759888 5.10947847366333 5.10915517807007 5.10850095748901 5.10797166824341 5.10824346542358 5.11047887802124 5.11988544464111 5.17743396759033 5.46635103225708 5.71744728088379 5.75578784942627 5.73684453964233 5.81520795822144 5.90030002593994
1964 01 20 00 5.16437578201294 5.16453504562378 5.16462135314941 5.16466999053955 5.16486549377441 5.16533184051514 5.16743135452271 5.17545127868652 5.52740669250488 6.14886617660522 6.25406932830811 6.07581233978271 6.04647779464722 6.13078212738037 6.18836450576782
1964 01 21 00 5.01980590820312 5.01980590820312 5.01980590820312 5.01980590820312 5.01980590820312 5.01980590820312 5.01980590820312 5.64487743377686 6.46375608444214 6.56412601470947 6.43249082565308 6.31896877288818 6.30506467819214 6.3476300239563 6.36249876022339
1964 01 22 00 4.68909406661987 4.68939065933228 4.68932580947876 4.68924522399902 4.68928289413452 4.68995094299316 4.73703670501709 5.76217699050903 6.65338039398193 6.99107694625854 6.9278826713562 6.65703344345093 6.44848918914795 6.40260124206543 6.41330337524414
1964 01 23 00 4.30328035354614 4.30522727966309 4.30568981170654 4.30755710601807 4.31348466873169 4.3473162651062 4.7301778793335 5.48423385620117 6.61815023422241 7.23259449005127 7.29845762252808 7.10938787460327 6.83025455474854 6.50449800491333 6.36322259902954
1964 01 24 00 4.24378967285156 4.24396991729736 4.24394989013672 4.24397468566895 4.2451000213623 4.25608253479004 4.51524305343628 5.22478437423706 6.34278345108032 7.25210571289062 7.36500978469849 7.16203022003174 6.98650693893433 6.65297698974609 6.38626432418823
1964 01 25 00 3.99653720855713 3.99779796600342 3.99811959266663 4.00060033798218 4.01762580871582 4.07540941238403 4.2384614944458 4.7614598274231 5.5860743522644 6.47350454330444 6.97846126556396 6.82093715667725 6.77191591262817 6.49595832824707 6.28326797485352
1964 01 26 00 3.78452253341675 3.78468132019043 3.784339427948 3.78597831726074 3.82025337219238 3.90720176696777 4.19063711166382 4.89797782897949 5.73655652999878 6.53680372238159 7.00080442428589 6.8560938835144 6.73369693756104 6.55693054199219 6.30112171173096
1964 01 27 00 4.03027963638306 4.03064298629761 4.03086996078491 4.03116464614868 4.03187704086304 4.03460836410522 4.08199262619019 4.52078342437744 5.28101682662964 5.88092136383057 6.23183298110962 6.31481313705444 6.37943410873413 6.30751466751099 6.13549900054932
1964 01 28 00 4.4970908164978 4.49877023696899 4.49956560134888 4.50018262863159 4.50091600418091 4.50203514099121 4.50417995452881 4.50992250442505 4.62833452224731 4.8452091217041 5.05716276168823 5.35917615890503 5.67994117736816 5.79902744293213 5.76619529724121
1964 01 29 00 4.27917957305908 4.28140115737915 4.28183269500732 4.28186702728271 4.28194761276245 4.28247976303101 4.28409147262573 4.28832674026489 4.30100059509277 4.40038108825684 4.90943193435669 5.22476720809937 5.35271644592285 5.36051797866821 5.37236499786377
1964 01 30 00 4.01770496368408 4.03829002380371 4.07021141052246 4.11827325820923 4.14840364456177 4.1479024887085 4.14823055267334 4.15227508544922 4.17972230911255 4.30584192276001 4.62150096893311 4.88477897644043 5.00858402252197 5.08452558517456 5.21492528915405
1964 01 31 00 3.87327313423157 3.87220549583435 3.87681007385254 4.08379411697388 4.18267679214478 4.18783521652222 4.18400812149048 4.18778324127197 4.26557064056396 4.28962516784668 4.4365611076355 4.49607849121094 4.57114124298096 4.75151491165161 5.02343225479126
1964 02 01 00 3.9078803062439 3.90871357917786 3.9091956615448 3.91194319725037 3.98168182373047 4.13279390335083 4.14379787445068 4.14986753463745 4.17922687530518 4.26689577102661 4.26689577102661 4.26689577102661 4.26735925674438 4.3788161277771 4.72873306274414
1964 02 02 00 3.93803215026855 3.93996381759644 3.94013047218323 3.93976378440857 3.93928289413452 3.9389820098877 3.93919229507446 3.94063973426819 3.94586539268494 4.04507207870483 4.20155715942383 4.19198322296143 4.18208599090576 4.15827751159668 4.15375185012817
1964 02 03 00 3.79734754562378 3.79771518707275 3.79735422134399 3.79730439186096 3.83516478538513 3.8807258605957 3.88439726829529 3.89917182922363 3.94300556182861 4.00887012481689 4.04184722900391 4.07707929611206 4.11460208892822 4.12965774536133 4.12999582290649
1964 02 04 00 3.705082654953 3.705082654953 3.70511317253113 3.71161866188049 3.82571053504944 3.92704176902771 3.9288387298584 3.96321654319763 3.96433258056641 3.97210574150085 4.04694223403931 4.15735483169556 4.21247911453247 4.21275758743286 4.21037817001343
1964 02 05 00 3.69781923294067 3.69781923294067 3.6977071762085 3.6976752281189 3.70134234428406 3.79933547973633 3.84697914123535 3.91053009033203 3.96210813522339 4.07452297210693 4.20086193084717 4.29185724258423 4.31868171691895 4.2988429069519 4.27002429962158
1964 02 06 00 3.64384412765503 3.64418482780457 3.64258503913879 3.64131331443787 3.64578866958618 3.70682692527771 3.73572421073914 3.78695559501648 3.90345621109009 4.07599592208862 4.25872802734375 4.31369924545288 4.31376457214355 4.28228282928467 4.24556970596313
1964 02 07 00 3.64678692817688 3.6464569568634 3.64561176300049 3.6445369720459 3.64360642433167 3.65042209625244 3.65665340423584 3.67867684364319 3.78124690055847 3.96405220031738 4.2359299659729 4.35467195510864 4.33963632583618 4.30050039291382 4.26812314987183
1964 02 08 00 3.65132427215576 3.65394949913025 3.65436506271362 3.6541440486908 3.65374159812927 3.6534948348999 3.65422415733337 3.65854835510254 3.67034220695496 3.67812323570251 3.69282293319702 3.76542639732361 3.8684446811676 4.09668731689453 4.21151828765869
1964 02 09 00 3.77209830284119 3.77153635025024 3.77027225494385 3.7687406539917 3.76697134971619 3.76491451263428 3.7639307975769 3.76202392578125 3.75185751914978 3.80161905288696 3.85697412490845 3.85381150245667 3.93162107467651 4.06539821624756 4.17830419540405
1964 02 10 00 3.94395399093628 3.94399642944336 3.94384598731995 3.94344663619995 3.94284176826477 3.94189643859863 3.94043040275574 3.92019629478455 3.8602819442749 3.85692095756531 3.95751857757568 4.09257221221924 4.23736953735352 4.34112644195557 4.34925603866577
1964 02 11 00 3.88133525848389 3.88143277168274 3.87952971458435 3.8767614364624 3.87367367744446 3.86986923217773 3.85435843467712 3.82242298126221 3.78850483894348 3.8074688911438 3.91691541671753 4.05274248123169 4.15238380432129 4.25622415542603 4.28238153457642
1964 02 12 00 3.75339841842651 3.75360870361328 3.75202679634094 3.75097370147705 3.75566053390503 3.78935599327087 3.78649139404297 3.78796005249023 3.82128858566284 3.88443803787231 3.96241617202759 4.03376150131226 4.09138870239258 4.1205358505249 4.1445140838623
1964 02 13 00 3.65920567512512 3.65978217124939 3.65888786315918 3.65896821022034 3.66598534584045 3.77974700927734 3.82246446609497 3.86068987846375 3.89125871658325 3.92433667182922 3.9606454372406 4.00295066833496 4.03398942947388 4.03865146636963 4.06309652328491
1964 02 14 00 3.58847641944885 3.58897423744202 3.58760619163513 3.58764719963074 3.59979033470154 3.74151301383972 3.81026124954224 3.84569478034973 3.84925365447998 3.88053011894226 3.93510675430298 3.99981307983398 4.02822303771973 4.01631593704224 4.01047515869141
1964 02 15 00 3.33913993835449 3.3407154083252 3.3410279750824 3.34300851821899 3.35555338859558 3.52399873733521 3.68646502494812 3.76688480377197 3.85188436508179 3.96557188034058 4.05076122283936 4.09181308746338 4.07693529129028 4.01688480377197 4.01188659667969
1964 02 16 00 3.07381129264832 3.07641839981079 3.07701730728149 3.07789611816406 3.08076214790344 3.09060096740723 3.16216564178467 3.56346130371094 3.83119940757751 4.05336046218872 4.22646570205688 4.23003435134888 4.22643375396729 4.22420406341553 4.22849893569946
1964 02 17 00 3.03962850570679 3.04123663902283 3.04148888587952 3.04166388511658 3.04310727119446 3.04878568649292 3.07079720497131 3.24590611457825 3.75825667381287 4.08907413482666 4.3866229057312 4.40038919448853 4.4072585105896 4.44324970245361 4.46857023239136
1964 02 18 00 3.1226372718811 3.12258362770081 3.12256813049316 3.1227707862854 3.12398624420166 3.12854099273682 3.14889907836914 3.42576050758362 3.72134923934937 4.1633243560791 4.32470369338989 4.3605694770813 4.38994407653809 4.40977001190186 4.43950033187866
1964 02 19 00 3.53426051139832 3.53352999687195 3.5314347743988 3.52855110168457 3.52337718009949 3.50459122657776 3.48710107803345 3.47091794013977 3.50283670425415 3.62191557884216 3.69241881370544 3.76616477966309 3.87470269203186 4.06689691543579 4.15907621383667
1964 02 20 00 3.76622676849365 3.76685380935669 3.76682424545288 3.76644921302795 3.76604104042053 3.76573157310486 3.76574611663818 3.76706409454346 3.78159976005554 3.82528614997864 3.84271907806396 3.7802574634552 3.81127858161926 3.81005644798279 4.04288578033447
1964 02 21 00 3.70599579811096 3.70638585090637 3.70627975463867 3.70610523223877 3.70604920387268 3.70639491081238 3.70924019813538 3.72999119758606 3.77130913734436 3.80922174453735 3.85250639915466 3.88975715637207 3.92428994178772 3.97403335571289 4.05777168273926
1964 02 22 00 3.63850855827332 3.63868427276611 3.63800406455994 3.63717770576477 3.63646364212036 3.63629627227783 3.65048718452454 3.72533392906189 3.76528358459473 3.76937437057495 3.78261876106262 3.82427406311035 3.86385416984558 3.89916825294495 4.00047922134399
1964 02 23 00 3.53283929824829 3.53405952453613 3.53405165672302 3.53375840187073 3.53349876403809 3.53385758399963 3.53795170783997 3.61322593688965 3.69123005867004 3.69402241706848 3.69766283035278 3.7765645980835 3.81696367263794 3.86063122749329 3.93443036079407
1964 02 24 00 3.486407995224 3.48698353767395 3.48667883872986 3.48628234863281 3.48607063293457 3.48644328117371 3.48902344703674 3.53059363365173 3.56306552886963 3.568195104599 3.61588001251221 3.77402758598328 3.82034492492676 3.86221146583557 3.9002947807312
1964 02 25 00 3.52278876304626 3.5229024887085 3.52274250984192 3.52253246307373 3.52235341072083 3.52229356765747 3.52230858802795 3.52238702774048 3.52251505851746 3.52485489845276 3.57217741012573 3.77047944068909 3.85690641403198 3.8931577205658 3.91266393661499
1964 02 26 00 3.52508950233459 3.52508950233459 3.52508950233459 3.52508950233459 3.52508950233459 3.52508950233459 3.52508950233459 3.52514028549194 3.52618217468262 3.58836460113525 3.73478531837463 3.86911082267761 3.92173171043396 3.95310163497925 3.96601414680481
1964 02 27 00 3.41915535926819 3.41915535926819 3.41915535926819 3.41915535926819 3.41915535926819 3.41915535926819 3.41915535926819 3.42415928840637 3.47038388252258 3.65541505813599 3.8405864238739 4.03775548934937 4.09178972244263 4.12566232681274 4.16645336151123
1964 02 28 00 3.2636890411377 3.2636890411377 3.2636890411377 3.2636890411377 3.2636890411377 3.2636890411377 3.2661247253418 3.41971898078918 3.80505156517029 4.10297822952271 4.22191858291626 4.2608814239502 4.31655216217041 4.40295648574829 4.47964668273926
1964 02 29 00 3.2636890411377 3.2636890411377 3.2636890411377 3.2636890411377 3.2636890411377 3.2636890411377 3.2661247253418 3.41971898078918 3.80505156517029 4.10297822952271 4.22191858291626 4.2608814239502 4.31655216217041 4.40295648574829 4.47964668273926
1964 03 01 00 3.09352946281433 3.09353137016296 3.09353137016296 3.09353137016296 3.09368896484375 3.09649181365967 3.10048007965088 3.11682915687561 3.34831500053406 4.16843509674072 4.41748762130737 4.44324111938477 4.45507287979126 4.53102684020996 4.59922504425049
1964 03 02 00 3.07881617546082 3.07834243774414 3.07790017127991 3.07759928703308 3.07725501060486 3.07721018791199 3.07846713066101 3.08544707298279 3.31878256797791 4.14068222045898 4.43504476547241 4.49802398681641 4.49564266204834 4.52310609817505 4.59056186676025
1964 03 03 00 3.26145601272583 3.26145601272583 3.26145601272583 3.26145601272583 3.26145601272583 3.26145601272583 3.26145601272583 3.26151657104492 3.26237225532532 3.31491613388062 3.41463685035706 3.64227938652039 3.90503621101379 4.12228631973267 4.3063907623291
1964 03 04 00 3.50410985946655 3.50410985946655 3.50412964820862 3.50415825843811 3.50416612625122 3.50414800643921 3.50417065620422 3.50422477722168 3.50425386428833 3.50409722328186 3.50309467315674 3.51848840713501 3.59928441047668 3.73126792907715 3.82504081726074
1964 03 05 00 3.55073833465576 3.5509033203125 3.5507173538208 3.55041909217834 3.54990100860596 3.5489182472229 3.5462703704834 3.53449702262878 3.52611947059631 3.53662323951721 3.5387761592865 3.54183340072632 3.54342031478882 3.59153294563293 3.62589573860168
1964 03 06 00 3.58696365356445 3.58612275123596 3.58500456809998 3.58378911018372 3.58241319656372 3.58067846298218 3.57812333106995 3.56532192230225 3.53832268714905 3.53899550437927 3.53917765617371 3.54170393943787 3.54440426826477 3.55034422874451 3.58594036102295
1964 03 07 00 3.64506959915161 3.64378094673157 3.6424720287323 3.64117026329041 3.63973641395569 3.63796186447144 3.63495540618896 3.61560797691345 3.57559251785278 3.55047917366028 3.5504732131958 3.5504732131958 3.5504732131958 3.54840517044067 3.55903506278992
1964 03 08 00 3.72962284088135 3.72717142105103 3.72498106956482 3.72257566452026 3.7199387550354 3.71651744842529 3.70989418029785 3.67182755470276 3.63207602500916 3.59043884277344 3.59233808517456 3.58732461929321 3.57636165618896 3.56513690948486 3.58222913742065
1964 03 09 00 3.8554220199585 3.84480810165405 3.82905006408691 3.81149673461914 3.79359555244446 3.76023650169373 3.73736143112183 3.6809389591217 3.64445233345032 3.63578605651855 3.63333320617676 3.60519194602966 3.59585762023926 3.60466909408569 3.61224985122681
1964 03 10 00 3.79327964782715 3.793048620224 3.79253721237183 3.79134392738342 3.78864717483521 3.77355575561523 3.72249484062195 3.65747332572937 3.65020608901978 3.64916157722473 3.65807962417603 3.64723491668701 3.634925365448 3.63330006599426 3.64480781555176
1964 03 11 00 3.82898926734924 3.82692408561707 3.82405781745911 3.8208601474762 3.8172595500946 3.81266808509827 3.79987931251526 3.74713516235352 3.69053864479065 3.6691689491272 3.66168880462646 3.64357495307922 3.63086032867432 3.63189744949341 3.64780807495117
1964 03 12 00 3.67209959030151 3.67166185379028 3.67037105560303 3.66893601417542 3.66752338409424 3.66633534431458 3.66673970222473 3.68310761451721 3.67829489707947 3.6813645362854 3.68958640098572 3.68703699111938 3.6689510345459 3.66753196716309 3.6778712272644
1964 03 13 00 3.53694796562195 3.53736972808838 3.53674578666687 3.53606200218201 3.5357837677002 3.53705811500549 3.54950141906738 3.65950798988342 3.72676420211792 3.78664374351501 3.83363556861877 3.82001996040344 3.78370976448059 3.79257464408875 3.81214094161987
1964 03 14 00 3.49613809585571 3.49640893936157 3.49618315696716 3.49591755867004 3.49582433700562 3.49750590324402 3.5138521194458 3.66962051391602 3.78386974334717 3.88652157783508 3.94894671440125 3.9491879940033 3.97706723213196 4.05136775970459 4.11827659606934
1964 03 15 00 3.4292619228363 3.42853188514709 3.42805361747742 3.42770957946777 3.42759943008423 3.42823672294617 3.43807506561279 3.57406687736511 3.74852085113525 3.86502838134766 4.02614212036133 4.15281200408936 4.24771928787231 4.35583543777466 4.41378402709961
1964 03 16 00 3.41741299629211 3.41574716567993 3.41471743583679 3.41404604911804 3.41383481025696 3.41454076766968 3.41748046875 3.43797206878662 3.61732935905457 3.8166069984436 4.08108139038086 4.24951410293579 4.37527370452881 4.48813772201538 4.5359354019165
1964 03 17 00 3.48509168624878 3.4829113483429 3.48138427734375 3.48030400276184 3.47966074943542 3.47979545593262 3.48245978355408 3.50651788711548 3.72856330871582 3.95451712608337 4.23609304428101 4.33372497558594 4.49706792831421 4.59781932830811 4.64232492446899
1964 03 18 00 3.54951572418213 3.5486626625061 3.54737186431885 3.54627299308777 3.54562211036682 3.54610300064087 3.55009126663208 3.60797691345215 3.94734168052673 4.23867034912109 4.31177997589111 4.39469289779663 4.5712251663208 4.65815114974976 4.69957876205444
1964 03 19 00 3.68774604797363 3.67215418815613 3.63775253295898 3.58129072189331 3.57944083213806 3.58964991569519 3.60481643676758 3.71502685546875 3.9867250919342 4.23365211486816 4.30418062210083 4.34467029571533 4.4437108039856 4.54579067230225 4.62188529968262
1964 03 20 00 3.8296525478363 3.82163572311401 3.79683017730713 3.70332765579224 3.68796896934509 3.70156455039978 3.72155427932739 3.7379047870636 3.79948782920837 3.87473726272583 3.95911741256714 4.086341381073 4.22135066986084 4.34148931503296 4.3914155960083
1964 03 21 00 3.9196982383728 3.91913056373596 3.91708660125732 3.87970066070557 3.83827424049377 3.80830645561218 3.79186987876892 3.78490233421326 3.80176782608032 3.83107686042786 3.85982298851013 3.94015145301819 4.0465726852417 4.11554956436157 4.14020919799805
1964 03 22 00 3.89313149452209 3.84994029998779 3.80970764160156 3.78776717185974 3.77515554428101 3.76867294311523 3.76507210731506 3.76753091812134 3.76908659934998 3.78244638442993 3.86916542053223 3.93746995925903 3.98274493217468 4.00748157501221 4.01139163970947
1964 03 23 00 3.90173482894897 3.89903879165649 3.89603972434998 3.89554595947266 3.88826823234558 3.8832573890686 3.88050365447998 3.88044452667236 3.88028883934021 3.8745014667511 3.92452931404114 3.95403480529785 3.97667646408081 3.99201846122742 3.99219608306885
1964 03 24 00 4.27452993392944 4.13128328323364 4.02024269104004 4.0032172203064 3.99790000915527 3.99673390388489 3.99321222305298 3.98881101608276 3.98256659507751 3.97433304786682 3.98388051986694 3.98346257209778 3.98552799224854 3.99008369445801 3.99400043487549
1964 03 25 00 4.34330892562866 4.31040906906128 4.18318605422974 4.02722501754761 4.01398181915283 4.0445122718811 4.05692481994629 4.05646276473999 4.05182504653931 4.05006408691406 4.04908752441406 4.04512691497803 4.04304981231689 4.04081201553345 4.03884363174438
1964 03 26 00 4.18676137924194 4.1829571723938 4.16373872756958 4.03496265411377 4.05496644973755 4.09889888763428 4.10271263122559 4.10534143447876 4.11670255661011 4.12490653991699 4.1325626373291 4.13843250274658 4.13936328887939 4.14024209976196 4.14011287689209
1964 03 27 00 4.40698146820068 4.38399648666382 4.22778081893921 4.1349949836731 4.13627529144287 4.11934566497803 4.10907030105591 4.10828828811646 4.11837148666382 4.13210105895996 4.14669466018677 4.1598653793335 4.1647777557373 4.16833066940308 4.16868829727173
1964 03 28 00 4.59157848358154 4.58956527709961 4.56034755706787 4.36784791946411 4.26403713226318 4.23214435577393 4.21540641784668 4.1997504234314 4.19413232803345 4.18869972229004 4.18615341186523 4.18650579452515 4.1882061958313 4.19025754928589 4.19041776657104
1964 03 29 00 4.53975391387939 4.53757095336914 4.53487014770508 4.53061294555664 4.49071645736694 4.47266578674316 4.45960283279419 4.43509674072266 4.37874937057495 4.29857444763184 4.23169612884521 4.21291494369507 4.20303678512573 4.20192432403564 4.20227527618408
1964 03 30 00 4.63150930404663 4.63161611557007 4.6316032409668 4.63152408599854 4.63132858276367 4.63095092773438 4.62997484207153 4.62830257415771 4.62465715408325 4.61115884780884 4.53599691390991 4.45856857299805 4.40681886672974 4.37252187728882 4.35701894760132
1964 03 31 00 4.63375949859619 4.63327693939209 4.63096141815186 4.62315320968628 4.6113224029541 4.60864877700806 4.60746049880981 4.60693311691284 4.60647058486938 4.60612630844116 4.60633325576782 4.60631561279297 4.6061897277832 4.60757780075073 4.60884523391724
1964 04 01 00 4.5933084487915 4.59440517425537 4.59445285797119 4.59425497055054 4.5939736366272 4.59369373321533 4.59346675872803 4.5933518409729 4.59348344802856 4.59403371810913 4.59538269042969 4.60074424743652 4.6052565574646 4.6098518371582 4.61286926269531
1964 04 02 00 4.55367088317871 4.55367088317871 4.55367088317871 4.55367088317871 4.55367088317871 4.5526180267334 4.55039548873901 4.54355669021606 4.53351211547852 4.53078174591064 4.52823877334595 4.53584337234497 4.54243898391724 4.54990005493164 4.55268573760986
1964 04 03 00 4.59882831573486 4.59891319274902 4.59816837310791 4.59632062911987 4.59200191497803 4.56056642532349 4.53835678100586 4.5410532951355 4.52941417694092 4.52353858947754 4.51814699172974 4.51434898376465 4.50986528396606 4.50777387619019 4.50803279876709
1964 04 04 00 4.61870956420898 4.61713790893555 4.61125802993774 4.57840633392334 4.57448101043701 4.55519676208496 4.55331230163574 4.55116081237793 4.54486465454102 4.53097772598267 4.5092921257019 4.48591279983521 4.4690318107605 4.45793151855469 4.45288372039795
1964 04 05 00 4.61123085021973 4.60814905166626 4.60616397857666 4.61368703842163 4.61158990859985 4.61078405380249 4.61113786697388 4.596351146698 4.56632375717163 4.54815006256104 4.52079916000366 4.4798903465271 4.43841743469238 4.4135570526123 4.402503490448
1964 04 06 00 4.6640887260437 4.66167688369751 4.65908861160278 4.65647268295288 4.65339374542236 4.64788341522217 4.63353824615479 4.58948945999146 4.5607123374939 4.54648208618164 4.52503633499146 4.49264049530029 4.45100212097168 4.41221761703491 4.40205812454224
1964 04 07 00 4.71035194396973 4.70909881591797 4.70793914794922 4.70668983459473 4.70534944534302 4.7035927772522 4.69941425323486 4.66294002532959 4.58791303634644 4.55041885375977 4.51960277557373 4.47940444946289 4.43498992919922 4.40939474105835 4.40449094772339
1964 04 08 00 4.92123746871948 4.89668560028076 4.86815357208252 4.81108236312866 4.77988862991333 4.76351499557495 4.73909854888916 4.67423248291016 4.5841588973999 4.53197526931763 4.50174617767334 4.4521632194519 4.41766738891602 4.41027784347534 4.41067981719971
1964 04 09 00 4.9767427444458 4.9670615196228 4.95514249801636 4.94339323043823 4.93473148345947 4.91645574569702 4.85441112518311 4.72769784927368 4.62626457214355 4.57081317901611 4.5366530418396 4.49721431732178 4.4549732208252 4.42439317703247 4.43746995925903
1964 04 10 00 5.34628486633301 5.26288843154907 5.19770193099976 5.09381818771362 5.0270209312439 4.92199325561523 4.7986044883728 4.70351886749268 4.63460302352905 4.58787250518799 4.55854606628418 4.5300464630127 4.50149869918823 4.45574998855591 4.44588613510132
1964 04 11 00 5.54884433746338 5.52715921401978 5.49060249328613 5.274977684021 5.03149271011353 4.8788046836853 4.74390268325806 4.66360521316528 4.61024713516235 4.56940650939941 4.53914833068848 4.51127529144287 4.47942018508911 4.45328617095947 4.44867658615112
1964 04 12 00 5.58296060562134 5.57848739624023 5.57342958450317 5.56725311279297 5.55802869796753 5.53018379211426 5.39232397079468 5.02627468109131 4.85779190063477 4.71101331710815 4.60386180877686 4.54630756378174 4.52262210845947 4.48168706893921 4.4575457572937
1964 04 13 00 5.45226955413818 5.45132875442505 5.45006895065308 5.44878482818604 5.44742393493652 5.44538497924805 5.42429828643799 5.37423133850098 5.29789352416992 5.15324068069458 4.95656871795654 4.76394891738892 4.64763450622559 4.54723262786865 4.4886155128479
1964 04 14 00 5.45888090133667 5.45580291748047 5.45320177078247 5.45050954818726 5.44761323928833 5.44426202774048 5.43988800048828 5.43233776092529 5.41462707519531 5.32355737686157 5.16365909576416 4.98296976089478 4.84369230270386 4.65223789215088 4.53729438781738
1964 04 15 00 5.67895603179932 5.67626523971558 5.67432880401611 5.67254400253296 5.67049694061279 5.66791296005249 5.66416025161743 5.65157651901245 5.54297971725464 5.32589340209961 5.17467069625854 5.05986976623535 4.93587160110474 4.81064748764038 4.69916105270386
1964 04 16 00 5.8179874420166 5.81430625915527 5.8105902671814 5.80693674087524 5.80324125289917 5.79979658126831 5.79547739028931 5.78582096099854 5.74902486801147 5.55621719360352 5.34709310531616 5.1915111541748 5.07334327697754 4.98832941055298 4.87462949752808
1964 04 17 00 5.89594888687134 5.89041614532471 5.8822455406189 5.86904907226562 5.83376312255859 5.82257127761841 5.84387397766113 5.82866954803467 5.80392503738403 5.71950578689575 5.61723232269287 5.50033569335938 5.36835289001465 5.24540615081787 5.07162141799927
1964 04 18 00 5.91733837127686 5.91448020935059 5.90879678726196 5.89903450012207 5.87636804580688 5.8625602722168 5.83884334564209 5.82136487960815 5.78717041015625 5.71080207824707 5.62953424453735 5.56792736053467 5.50635290145874 5.42416954040527 5.26622343063354
1964 04 19 00 6.23050737380981 6.18933439254761 5.99761199951172 5.9519157409668 5.92002773284912 5.89589357376099 5.87301588058472 5.81128406524658 5.69437122344971 5.56208992004395 5.49988985061646 5.47242021560669 5.40810823440552 5.31601667404175 5.24257707595825
1964 04 20 00 6.39305543899536 6.25015306472778 6.13642978668213 6.12617921829224 6.12361145019531 6.11855363845825 5.98297357559204 5.79039669036865 5.61354637145996 5.4790735244751 5.39187145233154 5.33347320556641 5.30101299285889 5.29154777526855 5.26995038986206
1964 04 21 00 6.607750415802 6.55473470687866 6.47631597518921 6.34309005737305 6.2464542388916 6.11554002761841 5.90048265457153 5.68477439880371 5.50910425186157 5.36447954177856 5.28240156173706 5.2524619102478 5.2499532699585 5.24010896682739 5.23074388504028
1964 04 22 00 7.12299585342407 6.83737802505493 6.64231729507446 6.50567722320557 6.27625703811646 6.07400321960449 5.87874317169189 5.64029407501221 5.42508792877197 5.27178716659546 5.20314693450928 5.19340133666992 5.21133995056152 5.21273326873779 5.19845771789551
1964 04 23 00 6.97718143463135 6.96434783935547 6.94178819656372 6.88788509368896 6.79949712753296 6.44683742523193 6.01557302474976 5.66115379333496 5.42309236526489 5.26490640640259 5.19991874694824 5.20619821548462 5.22185325622559 5.23984956741333 5.22313261032104
1964 04 24 00 7.1609673500061 7.15332746505737 7.13948011398315 7.1250057220459 7.11016464233398 7.07874393463135 6.83954668045044 6.42545127868652 6.07499647140503 5.80950164794922 5.6396427154541 5.42678833007812 5.33762168884277 5.30131101608276 5.23103904724121
1964 04 25 00 7.16900253295898 7.14532995223999 7.1286187171936 7.09252882003784 6.8602557182312 6.54312992095947 6.24238729476929 5.95918226242065 5.71784257888794 5.55916452407837 5.44635772705078 5.32677316665649 5.26496458053589 5.26647138595581 5.11442756652832
1964 04 26 00 7.46419382095337 7.39686870574951 7.32506942749023 7.23818731307983 6.99532794952393 6.28166246414185 5.92088174819946 5.64067220687866 5.42269372940063 5.25635528564453 5.13984537124634 5.09571075439453 5.08115482330322 5.06824636459351 5.01945686340332
1964 04 27 00 7.52619934082031 7.52094316482544 7.5129451751709 7.49390888214111 7.36631011962891 6.44716596603394 5.95634794235229 5.69231557846069 5.4708137512207 5.2953519821167 5.16304874420166 5.08637714385986 5.05838966369629 5.01503610610962 5.00644111633301
1964 04 28 00 7.56865167617798 7.5658130645752 7.56137943267822 7.55740737915039 7.54482460021973 7.39795875549316 6.84525299072266 6.33838653564453 5.95768642425537 5.70541143417358 5.51356029510498 5.35984754562378 5.234299659729 5.1471152305603 5.04889154434204
1964 04 29 00 7.44022989273071 7.40499544143677 7.36915349960327 7.34706592559814 7.33080673217773 7.32874631881714 7.34623527526855 7.14320468902588 6.6873984336853 6.26349210739136 5.9464693069458 5.67005968093872 5.50084495544434 5.36804246902466 5.18162393569946
1964 04 30 00 7.4614052772522 7.42637300491333 7.40323162078857 7.39442873001099 7.38658428192139 7.28988885879517 7.07615661621094 6.78628253936768 6.36778688430786 5.96929550170898 5.6742696762085 5.49427032470703 5.40099143981934 5.31460332870483 5.20951795578003
1964 05 01 00 7.54849720001221 7.50449562072754 7.46460914611816 7.39850234985352 7.37872123718262 7.2462158203125 6.93999576568604 6.55590677261353 6.10822534561157 5.71805572509766 5.46902513504028 5.34525489807129 5.29363393783569 5.22665643692017 5.18041801452637
1964 05 02 00 7.91580009460449 7.8932991027832 7.81086444854736 7.68032932281494 7.58464956283569 7.44265794754028 7.14811038970947 6.76826810836792 6.2921838760376 5.86138820648193 5.55153512954712 5.35751056671143 5.24628162384033 5.18520593643188 5.1641993522644
1964 05 03 00 8.27063846588135 8.25519466400146 8.20350742340088 8.0660400390625 7.94302845001221 7.79339790344238 7.30714988708496 6.77145910263062 6.26211404800415 5.82376861572266 5.50223207473755 5.29775667190552 5.19611978530884 5.16859197616577 5.15234565734863
1964 05 04 00 8.58064460754395 8.47838306427002 8.38991546630859 8.32264995574951 8.28381538391113 8.24911308288574 7.49559783935547 6.51838064193726 5.95638990402222 5.53270578384399 5.29318761825562 5.18477725982666 5.140221118927 5.13598966598511 5.11527681350708
1964 05 05 00 8.42396640777588 8.41575813293457 8.40575313568115 8.3814058303833 8.36401271820068 8.32047271728516 7.97962188720703 6.72602224349976 5.79488706588745 5.37348794937134 5.20738458633423 5.13452672958374 5.09170866012573 5.08678388595581 5.06552696228027
1964 05 06 00 8.57630348205566 8.52913284301758 8.46387577056885 8.35160446166992 8.31506252288818 8.3042049407959 8.26208400726318 7.9104323387146 6.785315990448 5.73157930374146 5.28645181655884 5.18273067474365 5.11436891555786 5.08106517791748 5.05492496490479
1964 05 07 00 8.67404747009277 8.67236995697021 8.66964054107666 8.66596603393555 8.6604118347168 8.64925289154053 8.57313919067383 8.01360893249512 7.21279811859131 6.41130924224854 5.81720685958862 5.48551368713379 5.28435754776001 5.16311454772949 5.10983562469482
1964 05 08 00 8.47319221496582 8.44493198394775 8.40666961669922 8.3682107925415 8.33049869537354 8.3169412612915 8.3217945098877 8.21905136108398 7.81295967102051 7.37179279327393 6.95014238357544 6.32156991958618 5.86855983734131 5.53278636932373 5.26855087280273
1964 05 09 00 8.0645112991333 8.05676460266113 8.05073165893555 8.04224872589111 8.0105094909668 7.96431112289429 7.90964555740356 7.74392509460449 7.3914647102356 7.07743120193481 6.75960540771484 6.48923349380493 6.16165542602539 5.78520679473877 5.50799655914307
1964 05 10 00 7.81868743896484 7.81683349609375 7.81510066986084 7.81331729888916 7.81124067306519 7.80844640731812 7.80426073074341 7.79421854019165 7.56112051010132 7.2020583152771 6.77299118041992 6.51627683639526 6.23521900177002 5.77787351608276 5.55767107009888
1964 05 11 00 8.12947940826416 8.07431125640869 7.95371389389038 7.91822052001953 7.89798450469971 7.88410472869873 7.8721489906311 7.85822820663452 7.79532241821289 7.56926155090332 7.26562452316284 6.90439987182617 6.5757360458374 6.01046419143677 5.65582227706909
1964 05 12 00 8.41966438293457 8.28823184967041 8.20006561279297 8.15465831756592 8.13758754730225 8.12662029266357 8.07897186279297 7.87640476226807 7.44354438781738 6.98996829986572 6.67427062988281 6.38643455505371 6.10082578659058 5.82731580734253 5.63467073440552
1964 05 13 00 8.22259521484375 8.22092723846436 8.21913051605225 8.21719264984131 8.21495819091797 8.21202659606934 8.20731925964355 8.19525623321533 8.08403205871582 7.80088949203491 7.5087628364563 7.09512662887573 6.6965594291687 6.16468906402588 5.75699520111084
1964 05 14 00 8.20556735992432 8.20056247711182 8.19305610656738 8.17824745178223 8.16167259216309 8.15551948547363 8.15807342529297 8.1602840423584 8.17154788970947 8.18290901184082 8.21143913269043 8.06043434143066 7.84478759765625 7.26763963699341 6.65239810943604
1964 05 15 00 8.89007759094238 8.73614025115967 8.54031467437744 8.47270011901855 8.44768142700195 8.42887210845947 8.40660953521729 8.38726997375488 8.3814525604248 8.38641834259033 8.39268016815186 8.31936550140381 8.20972347259521 8.02250385284424 7.70331144332886
1964 05 16 00 8.97412776947021 8.94084644317627 8.8848819732666 8.81839275360107 8.77749347686768 8.72658920288086 8.68817806243896 8.62507343292236 8.53589630126953 8.52031993865967 8.47391510009766 8.36379241943359 8.23861789703369 8.12457084655762 8.00720119476318
1964 05 17 00 8.83116722106934 8.82795238494873 8.82472705841064 8.8216609954834 8.81862831115723 8.81551551818848 8.81217861175537 8.80857849121094 8.80461597442627 8.80060768127441 8.79657649993896 8.79040050506592 8.75979614257812 8.48821544647217 8.163161277771
1964 05 18 00 9.04828548431396 8.99835681915283 8.96367263793945 8.94339179992676 8.92971515655518 8.91930103302002 8.91033554077148 8.90116882324219 8.88636493682861 8.86071395874023 8.85886287689209 8.8607177734375 8.84947395324707 8.80128860473633 8.44103908538818
1964 05 19 00 9.40627765655518 9.26254749298096 9.1455717086792 9.09998035430908 9.07980728149414 9.0651912689209 9.05289268493652 9.03856182098389 9.01773738861084 8.94616985321045 8.91498756408691 8.90421676635742 8.87054634094238 8.77740955352783 8.57025146484375
1964 05 20 00 9.76269912719727 9.65838050842285 9.51637077331543 9.35730361938477 9.21314525604248 9.12264919281006 9.08044528961182 9.05129241943359 9.01648044586182 8.97317600250244 8.92126941680908 8.86716270446777 8.78115463256836 8.62272167205811 8.50015926361084
1964 05 21 00 9.83874607086182 9.82502746582031 9.79620170593262 9.65328502655029 9.44130706787109 9.2675724029541 9.10939693450928 9.06531047821045 9.02098274230957 8.949782371521 8.8386926651001 8.6732063293457 8.44587707519531 8.1700382232666 8.00179672241211
1964 05 22 00 9.83896541595459 9.83185863494873 9.82196998596191 9.80499076843262 9.73977947235107 9.46074771881104 9.26921844482422 9.10449409484863 9.01694011688232 8.90627384185791 8.71382617950439 8.43248271942139 8.11390209197998 7.75172662734985 7.44384622573853
1964 05 23 00 9.95423221588135 9.92325496673584 9.86126232147217 9.77834033966064 9.70984363555908 9.62092781066895 9.52442359924316 9.40278625488281 9.077805519104 8.89705085754395 8.7027702331543 8.44541931152344 8.10065746307373 7.75613212585449 7.40940141677856
1964 05 24 00 10.6698513031006 10.5071411132812 10.2074565887451 10.0088758468628 9.85735607147217 9.78745079040527 9.72211456298828 9.63113594055176 9.41474437713623 9.166259765625 8.97614479064941 8.8125057220459 8.67772579193115 8.41360569000244 8.07637786865234
1964 05 25 00 11.146258354187 11.06077003479 10.4727754592896 10.0611333847046 9.88044548034668 9.77550888061523 9.68232536315918 9.55730056762695 9.36595344543457 9.13178253173828 8.87454128265381 8.70813369750977 8.63146495819092 8.50864315032959 8.34321689605713
1964 05 26 00 10.5592279434204 10.5490655899048 10.4793243408203 10.1142749786377 9.85454750061035 9.66905117034912 9.483811378479 9.28657341003418 9.06861019134521 8.82962512969971 8.51706027984619 8.45712280273438 8.32798671722412 8.14597988128662 8.09517478942871
1964 05 27 00 10.3034553527832 10.2999486923218 10.2950115203857 10.2888679504395 10.2799739837646 10.1773529052734 10.0243072509766 9.72323894500732 9.43376159667969 9.17262935638428 8.91323852539062 8.72153663635254 8.50141620635986 8.17437362670898 8.01058959960938
1964 05 28 00 10.767617225647 10.7514619827271 10.7308359146118 10.7052125930786 10.6731452941895 10.6631336212158 10.6600675582886 10.5405473709106 10.2507925033569 9.91104698181152 9.60054111480713 9.23451328277588 8.87674427032471 8.43488788604736 8.16163063049316
1964 05 29 00 10.8403940200806 10.8248147964478 10.8019781112671 10.778546333313 10.7582292556763 10.7493629455566 10.7446155548096 10.7398624420166 10.6456651687622 10.3547191619873 10.0055265426636 9.61067485809326 9.18755531311035 8.69075870513916 8.34685039520264
1964 05 30 00 10.8793287277222 10.8661994934082 10.8511924743652 10.8394174575806 10.8315811157227 10.8263654708862 10.819224357605 10.7464351654053 10.5587577819824 10.2309293746948 9.81005859375 9.37590789794922 8.98528575897217 8.61172580718994 8.38087749481201
1964 05 31 00 10.8824043273926 10.8682584762573 10.8486242294312 10.8222675323486 10.7924013137817 10.7640542984009 10.7533464431763 10.7435312271118 10.7012491226196 10.4595527648926 9.97765636444092 9.47661685943604 9.08963871002197 8.66653156280518 8.38008308410645
1964 06 01 00 11.0116739273071 10.9738359451294 10.9331884384155 10.9018259048462 10.8775663375854 10.858904838562 10.839861869812 10.8013858795166 10.6430072784424 10.3361625671387 9.79631900787354 9.26836776733398 8.86762714385986 8.50661945343018 8.34512901306152
1964 06 02 00 11.0905570983887 11.0796051025391 11.0676708221436 11.0539398193359 11.0369920730591 11.0127725601196 10.967622756958 10.7545595169067 10.3954668045044 9.92117786407471 9.40023231506348 8.91732788085938 8.53319263458252 8.32925701141357 8.248046875
1964 06 03 00 11.1820096969604 11.1745586395264 11.1672487258911 11.1593189239502 11.1503801345825 11.1393642425537 11.1238279342651 11.0873422622681 10.7985820770264 10.2301712036133 9.60831737518311 9.11044216156006 8.57219219207764 8.24731922149658 8.13266086578369
1964 06 04 00 11.4800634384155 11.4496307373047 11.3959493637085 11.3374500274658 11.3027954101562 11.2791481018066 11.2655057907104 11.2512979507446 11.109486579895 10.5499448776245 9.91067028045654 9.36859893798828 8.8508472442627 8.40558528900146 8.16005611419678
1964 06 05 00 12.1211290359497 12.0744113922119 11.8999614715576 11.7549610137939 11.5618486404419 11.4874677658081 11.4591970443726 11.4520635604858 11.3176145553589 10.9312553405762 10.3585834503174 9.81953525543213 9.35362243652344 8.78657817840576 8.24777221679688
1964 06 06 00 12.1612768173218 12.1291675567627 12.0920686721802 12.0434818267822 11.9344310760498 11.8105869293213 11.690577507019 11.3490915298462 10.9012250900269 10.3322973251343 9.76197242736816 9.21680355072021 8.71018695831299 8.31160259246826 8.10764408111572
1964 06 07 00 12.170337677002 12.1553640365601 12.1349716186523 12.1097640991211 12.0846242904663 12.042857170105 11.9522037506104 11.3860492706299 10.6364555358887 9.90278244018555 9.17831420898438 8.51564025878906 8.12101078033447 7.94311141967773 7.81340551376343
1964 06 08 00 12.5422296524048 12.4960155487061 12.3823623657227 12.2893667221069 12.259955406189 12.2391490936279 12.2257280349731 11.9009304046631 11.1623659133911 10.3470125198364 9.52674579620361 8.7757043838501 8.13830947875977 7.8267560005188 7.67317152023315
1964 06 09 00 12.8973207473755 12.8805875778198 12.8441467285156 12.7354011535645 12.5988340377808 12.4847660064697 12.3459253311157 11.7797212600708 11.0536661148071 10.2406034469604 9.38614463806152 8.57501220703125 7.98524951934814 7.71228075027466 7.56732892990112
1964 06 10 00 13.3626098632812 13.1787252426147 12.9840784072876 12.8746967315674 12.8545579910278 12.834493637085 12.6437187194824 11.6989889144897 10.7857255935669 9.85082817077637 8.84519672393799 8.07731914520264 7.67199182510376 7.38962697982788 7.18354845046997
1964 06 11 00 13.9303817749023 13.8691244125366 13.4281320571899 13.0064792633057 12.9522886276245 12.8721952438354 12.5399808883667 11.658670425415 10.5782279968262 9.49765110015869 8.49523830413818 7.71889734268188 7.25383710861206 6.97197866439819 6.78593826293945
1964 06 12 00 15.0049028396606 14.5534801483154 13.9361658096313 13.1797332763672 13.0665988922119 12.9712600708008 12.750940322876 12.1291246414185 11.1329336166382 10.0672206878662 9.02568244934082 8.11876392364502 7.36299180984497 7.00278282165527 6.76408815383911
1964 06 13 00 15.7393360137939 15.5989398956299 14.3544998168945 13.4157867431641 13.1350450515747 12.998948097229 12.7783584594727 12.2451944351196 11.4275512695312 10.5352344512939 9.63510513305664 8.84196853637695 7.97862339019775 7.39842319488525 7.09496212005615
1964 06 14 00 15.5761985778809 15.5571184158325 14.9888477325439 13.8994770050049 13.2385663986206 12.9142789840698 12.5573444366455 12.0008211135864 11.2674160003662 10.5125350952148 9.75845909118652 9.04195690155029 8.31536960601807 7.68892478942871 7.36204957962036
1964 06 15 00 14.5459785461426 14.5401430130005 14.5297136306763 14.5140447616577 14.4804773330688 14.1714401245117 13.3667335510254 12.3877859115601 11.5333433151245 10.8935852050781 10.2677974700928 9.53803634643555 8.91530704498291 8.27349758148193 7.65713977813721
1964 06 16 00 14.2079706192017 14.1955289840698 14.171820640564 14.1485395431519 14.1261920928955 14.0997152328491 13.9767780303955 12.9934921264648 11.8219327926636 11.10498046875 10.4601268768311 9.82448959350586 9.29406261444092 8.78931713104248 8.14607810974121
1964 06 17 00 14.4064197540283 14.3699150085449 14.3248252868652 14.1877784729004 14.1463775634766 14.0994329452515 13.8406591415405 12.6818628311157 11.6578559875488 10.8793840408325 10.2372074127197 9.65104866027832 9.19169139862061 8.82797527313232 8.60465049743652
1964 06 18 00 14.2637434005737 14.2610301971436 14.2569236755371 14.2513074874878 14.2436170578003 14.231273651123 14.1993618011475 13.7584266662598 12.5872592926025 11.5705585479736 10.7075119018555 9.90336322784424 9.34638214111328 8.98358058929443 8.78564548492432
1964 06 19 00 14.1174631118774 14.1175365447998 14.1167974472046 14.115216255188 14.1130104064941 14.1097726821899 14.1040077209473 14.0868301391602 13.8154315948486 13.08180809021 11.8007936477661 10.6383619308472 9.87479782104492 9.3158016204834 8.91621398925781
1964 06 20 00 14.0523834228516 14.0508975982666 14.0490617752075 14.0467224121094 14.0441074371338 14.0411367416382 14.0374765396118 14.0304222106934 14.0196809768677 14.0115337371826 13.6890316009521 12.3458070755005 11.0637035369873 10.0294094085693 9.19450950622559
1964 06 21 00 14.1203298568726 14.1017875671387 14.0733737945557 14.0245180130005 13.9977779388428 13.9878644943237 13.9819641113281 13.9788770675659 13.979531288147 13.9460535049438 13.5964050292969 12.6673965454102 11.464075088501 10.3979368209839 9.48366451263428
1964 06 22 00 14.2277917861938 14.2131986618042 14.1870861053467 14.1401948928833 14.0873365402222 14.0577297210693 14.0276079177856 13.9993963241577 13.9459552764893 13.5570945739746 12.6508464813232 11.5154676437378 10.5832462310791 9.83523273468018 9.39188957214355
1964 06 23 00 14.1914281845093 14.1965522766113 14.1972255706787 14.1964635848999 14.1946582794189 14.1746816635132 14.1376676559448 14.093770980835 13.7078552246094 12.7869691848755 11.4617671966553 10.2040462493896 9.51708984375 9.14716815948486 8.99413967132568
1964 06 24 00 14.0934524536133 14.0936279296875 14.0934734344482 14.0928583145142 14.091796875 14.0904712677002 14.0881357192993 14.0640745162964 13.9040098190308 13.2169036865234 11.8495206832886 10.4027051925659 9.4152193069458 8.93740367889404 8.705322265625
1964 06 25 00 14.1317272186279 14.1153955459595 14.0981111526489 14.0811052322388 14.0642890930176 14.0424871444702 14.0019102096558 13.9823293685913 13.9813146591187 13.974365234375 13.297384262085 11.7723999023438 10.311450958252 9.22030353546143 8.77945327758789
1964 06 26 00 14.4279098510742 14.4040966033936 14.3587169647217 14.2914505004883 14.2365713119507 14.2031145095825 14.1660175323486 14.1302042007446 14.0927619934082 13.9511976242065 13.2935781478882 12.1179647445679 10.7246417999268 9.43233871459961 8.82359886169434
1964 06 27 00 15.3281326293945 14.8472967147827 14.637433052063 14.5022048950195 14.3461866378784 14.2730855941772 14.2277917861938 14.2085628509521 14.0979385375977 13.7201232910156 12.8654384613037 11.6452684402466 10.3355312347412 9.22226715087891 8.6813440322876
1964 06 28 00 16.0880565643311 15.4794797897339 14.7377376556396 14.5032396316528 14.3536396026611 14.2708730697632 14.2235326766968 14.1519556045532 13.8712301254272 13.0876016616821 11.7791776657104 10.1666994094849 9.09579563140869 8.64023971557617 8.42412948608398
1964 06 29 00 16.4167785644531 16.0236930847168 14.8627777099609 14.5432481765747 14.3900995254517 14.3014621734619 14.2344245910645 14.1122045516968 13.6730365753174 12.679970741272 11.2836217880249 9.69398021697998 8.77367210388184 8.39568424224854 8.20610237121582
1964 06 30 00 16.5901393890381 16.5319194793701 15.4805450439453 14.6369562149048 14.4506769180298 14.3434810638428 14.2512636184692 14.093804359436 13.5795001983643 12.5242300033569 11.1063241958618 9.52490615844727 8.57028102874756 8.21357345581055 8.00277805328369
1964 07 01 00 17.4125308990479 17.2322807312012 15.8585033416748 14.7452201843262 14.517861366272 14.3941030502319 14.2821407318115 14.105731010437 13.6123304367065 12.6626262664795 11.3494710922241 9.709885597229 8.6023588180542 8.12363338470459 7.89987993240356
1964 07 02 00 16.8557624816895 16.8268375396729 16.7210998535156 15.7503986358643 14.4910326004028 14.3795871734619 14.2531003952026 13.927661895752 13.2025089263916 12.0968008041382 10.6689729690552 9.18835544586182 8.30790710449219 7.89416074752808 7.69059944152832
1964 07 03 00 17.2232894897461 17.1760749816895 17.0524101257324 16.4662494659424 14.818754196167 14.307520866394 14.2632579803467 13.6041450500488 12.5719776153564 11.1666536331177 9.63565444946289 8.37281894683838 7.69095087051392 7.35462665557861 7.1426477432251
1964 07 04 00 18.1857471466064 17.7259368896484 17.3861465454102 16.5145950317383 15.0600528717041 14.2744674682617 14.201774597168 13.3596019744873 12.0935192108154 10.5515975952148 9.04441070556641 7.85107231140137 7.2392315864563 6.92844867706299 6.79958963394165
1964 07 05 00 19.0544681549072 18.748083114624 17.54248046875 16.8010005950928 15.4667444229126 14.4469738006592 14.1660108566284 13.4376974105835 12.2745161056519 10.8509922027588 9.33428859710693 7.96782445907593 7.21310806274414 6.81963968276978 6.71715259552002
1964 07 06 00 18.3905544281006 18.3670139312744 18.0395469665527 17.2996597290039 16.3157196044922 14.6675958633423 13.9094533920288 13.2760915756226 12.4508485794067 11.3884973526001 10.3089332580566 9.15305328369141 8.07226753234863 7.23834943771362 6.89574813842773
1964 07 07 00 18.1286716461182 17.9941997528076 17.8740463256836 17.7467479705811 17.3292484283447 16.1646537780762 14.4300203323364 13.2512445449829 12.4796581268311 11.8813219070435 11.2341547012329 10.4252996444702 9.59510135650635 8.58268070220947 7.6321849822998
1964 07 08 00 17.1634159088135 17.1603527069092 17.153902053833 17.1388072967529 17.0161247253418 16.7384090423584 15.7765846252441 14.5417633056641 13.0341529846191 12.0490436553955 11.2145748138428 10.4333419799805 9.88611793518066 9.20884037017822 8.24412250518799
1964 07 09 00 15.6651248931885 15.6651248931885 15.6651248931885 15.6648283004761 15.664363861084 15.663348197937 15.6601085662842 15.63649559021 15.5152673721313 14.8406438827515 14.0981416702271 13.2644472122192 12.2177867889404 10.815559387207 9.85217094421387
1964 07 10 00 14.177134513855 14.1752557754517 14.1733484268188 14.1714296340942 14.1694755554199 14.1672058105469 14.1648111343384 14.1621866226196 14.1592445373535 14.1559572219849 14.152117729187 14.1470727920532 14.1362714767456 14.0025358200073 13.7280359268188
1964 07 11 00 14.6094570159912 14.5835409164429 14.5158519744873 14.4383611679077 14.3749723434448 14.3253240585327 14.293402671814 14.2701616287231 14.2550754547119 14.254054069519 14.250994682312 14.2471179962158 14.2343673706055 14.2403717041016 14.283034324646
1964 07 12 00 15.6024236679077 15.2876653671265 15.028172492981 14.8394136428833 14.668794631958 14.5079393386841 14.4294004440308 14.4013166427612 14.3692502975464 14.3518629074097 14.3486967086792 14.3493614196777 14.3493614196777 14.3493614196777 14.3493614196777
1964 07 13 00 16.072961807251 16.0587692260742 16.0159473419189 15.4537591934204 14.8223743438721 14.6142053604126 14.5563898086548 14.4960327148438 14.4218301773071 14.4214859008789 14.3943119049072 14.3672256469727 14.3587236404419 14.3597068786621 14.3482103347778
1964 07 14 00 16.3690872192383 16.3560218811035 16.3280353546143 16.1982479095459 15.5138320922852 15.181248664856 15.0922470092773 15.0565690994263 15.0285787582397 14.9030685424805 14.6578025817871 14.4095611572266 14.250467300415 14.1409568786621 14.0391454696655
1964 07 15 00 16.4843082427979 16.4784240722656 16.4681549072266 16.4500732421875 16.3232460021973 16.007661819458 15.6872234344482 15.6732406616211 15.6581573486328 15.4822216033936 15.1685247421265 14.7354021072388 14.2493772506714 13.9026250839233 13.7630491256714
1964 07 16 00 16.727596282959 16.7011661529541 16.6562328338623 16.5791969299316 16.3889694213867 16.1230716705322 15.9032535552979 15.8339757919312 15.7710943222046 15.5402841567993 15.1637773513794 14.6028347015381 14.0418176651001 13.751148223877 13.6156644821167
1964 07 17 00 17.1028118133545 17.0580883026123 16.9329223632812 16.7479877471924 16.3823852539062 16.0923156738281 15.9687747955322 15.9010334014893 15.8006525039673 15.529354095459 15.0532970428467 14.3614511489868 13.8498497009277 13.5839014053345 13.3876132965088
1964 07 18 00 16.7378311157227 16.7169322967529 16.6793918609619 16.6307640075684 16.6013145446777 16.4533615112305 16.2692909240723 16.0952892303467 15.8501663208008 15.2926206588745 14.675178527832 13.9507207870483 13.3383264541626 12.7784090042114 12.2198925018311
1964 07 19 00 16.968994140625 16.9119434356689 16.8719615936279 16.8471584320068 16.7879676818848 16.5844345092773 16.3799304962158 16.1298694610596 15.7245559692383 15.087085723877 14.2511749267578 13.3089227676392 12.5402154922485 11.804988861084 11.1999502182007
1964 07 20 00 16.771411895752 16.7655467987061 16.7568111419678 16.7462863922119 16.733959197998 16.7099304199219 16.6603813171387 16.5463600158691 16.2258415222168 15.6171588897705 14.8000802993774 13.8611822128296 12.7620935440063 11.6248340606689 10.7092924118042
1964 07 21 00 16.7840728759766 16.7821712493896 16.779613494873 16.7765617370605 16.7731304168701 16.7690773010254 16.7637672424316 16.7515258789062 16.571346282959 15.9020318984985 15.0069637298584 13.9446496963501 12.6868228912354 11.6286878585815 10.8528251647949
1964 07 22 00 17.2364501953125 17.0412635803223 16.8570213317871 16.766321182251 16.7359390258789 16.7207221984863 16.7190685272217 16.707124710083 16.4852428436279 15.7899627685547 14.7415885925293 13.5105981826782 12.2820672988892 11.3212194442749 10.63498878479
1964 07 23 00 17.339656829834 17.3098754882812 17.2516918182373 17.1387176513672 16.988302230835 16.8226718902588 16.7755947113037 16.7128238677979 16.3283367156982 15.4940605163574 14.393702507019 13.142765045166 11.9258937835693 10.9501085281372 10.2617053985596
1964 07 24 00 17.5211868286133 17.4256973266602 17.2470359802246 17.1855087280273 17.1647186279297 17.1267890930176 16.9651565551758 16.7933368682861 16.4309864044189 15.6176700592041 14.4933662414551 13.2028923034668 11.9138412475586 10.8808679580688 10.1390953063965
1964 07 25 00 17.2904758453369 17.2774486541748 17.2617797851562 17.2467555999756 17.2291526794434 17.2040100097656 17.1593704223633 17.0349731445312 16.3442287445068 15.0684604644775 13.8167924880981 12.4278039932251 11.2644166946411 10.4216890335083 9.83751201629639
1964 07 26 00 16.6625499725342 16.6625289916992 16.6616706848145 16.659610748291 16.6566543579102 16.6524639129639 16.6454582214355 16.6271953582764 16.3535919189453 15.5640964508057 13.8955125808716 12.453893661499 11.2421932220459 10.153058052063 9.31207656860352
1964 07 27 00 16.5480918884277 16.5445518493652 16.538480758667 16.5294513702393 16.5131187438965 16.4913387298584 16.4730606079102 16.4469680786133 16.4319477081299 16.3238544464111 15.6832733154297 14.2325487136841 12.818151473999 11.360297203064 9.95563888549805
1964 07 28 00 16.4881019592285 16.4840316772461 16.4788627624512 16.4729328155518 16.4662952423096 16.4591732025146 16.4510726928711 16.4380798339844 16.4111022949219 16.0673427581787 14.8701839447021 13.4869499206543 12.0454359054565 10.7854337692261 9.85465717315674
1964 07 29 00 16.3044471740723 16.304573059082 16.3040504455566 16.3025093078613 16.3004264831543 16.2978172302246 16.2945041656494 16.2897243499756 16.2801055908203 16.2297668457031 15.0979013442993 13.3395500183105 11.4436836242676 10.2019920349121 9.56281852722168
1964 07 30 00 16.0664577484131 16.066333770752 16.0658493041992 16.065071105957 16.063835144043 16.0623550415039 16.0604000091553 16.0574131011963 16.0508575439453 15.9938631057739 14.8669195175171 12.7547655105591 10.8048276901245 9.86837959289551 9.42672252655029
1964 07 31 00 15.8621683120728 15.8621683120728 15.8621597290039 15.8619070053101 15.8611497879028 15.8597402572632 15.858304977417 15.856650352478 15.8545446395874 15.8507480621338 15.8297853469849 15.0963802337646 13.7022972106934 12.0359706878662 10.3431529998779
1964 08 01 00 15.8844842910767 15.7081937789917 15.58203125 15.5500497817993 15.5374202728271 15.5292119979858 15.5223159790039 15.5194778442383 15.5192499160767 15.5023775100708 15.3505411148071 14.8025493621826 13.9925231933594 13.2392444610596 12.2258424758911
1964 08 02 00 16.5285568237305 16.072114944458 15.6148014068604 15.5106687545776 15.4771347045898 15.4595289230347 15.4499359130859 15.4445858001709 15.4092054367065 15.222354888916 14.8667888641357 14.4736747741699 14.0744705200195 13.808144569397 13.3302621841431
1964 08 03 00 16.9364948272705 16.8259143829346 16.4788913726807 15.8102855682373 15.6832284927368 15.6776008605957 15.6776008605957 15.6691751480103 15.5738744735718 15.3874807357788 14.8812379837036 14.052562713623 13.2086505889893 12.6908912658691 12.1344375610352
1964 08 04 00 17.113862991333 17.076244354248 16.9462757110596 16.4553089141846 15.8622941970825 15.6620836257935 15.655800819397 15.63880443573 15.4339008331299 14.7910242080688 13.5255012512207 11.954553604126 10.8231363296509 10.0763998031616 9.77836513519287
1964 08 05 00 17.0166683197021 16.9827880859375 16.9396343231201 16.8384914398193 16.440803527832 15.7340621948242 15.6014785766602 15.4369678497314 15.0421915054321 13.7966785430908 11.9520683288574 10.1018104553223 9.14891338348389 8.73049736022949 8.62137699127197
1964 08 06 00 17.6156101226807 17.3003520965576 17.0894584655762 17.0144004821777 16.6888275146484 16.2042026519775 15.6556529998779 15.3530769348145 14.7853126525879 13.5109567642212 11.7655601501465 9.82215976715088 8.74034786224365 8.38423252105713 8.34278774261475
1964 08 07 00 18.3840236663818 18.0486354827881 17.3143119812012 17.0670356750488 16.797119140625 16.2972240447998 15.7073745727539 15.3019762039185 14.5234212875366 13.1522483825684 11.5352010726929 9.83390140533447 8.66079425811768 8.2876615524292 8.25522804260254
1964 08 08 00 17.9459762573242 17.9359264373779 17.916690826416 17.837308883667 17.4189949035645 16.7178726196289 16.0584335327148 15.5434589385986 14.910026550293 13.8765459060669 12.7055463790894 11.4828948974609 10.0889225006104 8.93895721435547 8.45391082763672
1964 08 09 00 18.1070938110352 18.0719413757324 17.9514827728271 17.8929252624512 17.8259754180908 17.5668182373047 16.580530166626 15.808087348938 15.2035808563232 14.4864406585693 13.65269947052 12.6714582443237 11.6942596435547 10.2878284454346 9.14892482757568
1964 08 10 00 18.7853164672852 18.6578197479248 18.3227443695068 18.0898971557617 17.84547996521 17.1719017028809 16.2348804473877 15.4195947647095 14.7327575683594 14.0088968276978 13.1023426055908 12.0613279342651 11.0491800308228 10.18674659729 9.73738670349121
1964 08 11 00 19.3092403411865 19.1557197570801 18.9237594604492 18.3546772003174 17.8922691345215 17.106372833252 16.1538524627686 15.3371620178223 14.6356782913208 13.9362287521362 13.0877370834351 12.1268587112427 11.2368316650391 10.4918794631958 10.0757465362549
1964 08 12 00 19.7240390777588 19.6888790130615 19.1635894775391 18.4348030090332 17.843282699585 16.9852905273438 16.0357437133789 15.237419128418 14.4891958236694 13.6778011322021 12.7338075637817 11.7766408920288 11.0365533828735 10.4798955917358 10.1340370178223
1964 08 13 00 19.4319076538086 19.4112300872803 19.3779106140137 19.2312984466553 18.1638526916504 16.9983158111572 16.1183109283447 15.3096561431885 14.4564971923828 13.4728212356567 12.3996982574463 11.4389171600342 10.7654657363892 10.3025999069214 10.0515823364258
1964 08 14 00 19.2960777282715 19.2885437011719 19.2746677398682 19.2448482513428 19.082052230835 16.9919395446777 15.6774368286133 14.7559928894043 13.7418775558472 12.6310710906982 11.5791320800781 10.7005710601807 10.0957651138306 9.81902885437012 9.72653675079346
1964 08 15 00 19.3972511291504 19.391845703125 19.3813571929932 19.3571262359619 19.1780891418457 16.9238681793213 15.371392250061 13.8804607391357 12.7328233718872 11.4318695068359 10.3614950180054 9.67988204956055 9.40074253082275 9.28544616699219 9.23766326904297
1964 08 16 00 19.2020969390869 19.1969909667969 19.1881122589111 19.1706886291504 19.0975570678711 17.7637691497803 15.161581993103 13.3116493225098 11.9759426116943 10.6126718521118 9.68745899200439 9.24152660369873 9.0308666229248 8.98074150085449 8.96428871154785
1964 08 17 00 19.0005683898926 18.9952793121338 18.9856052398682 18.9674415588379 18.9025745391846 18.4656677246094 14.5139093399048 13.2043981552124 11.4667663574219 10.315842628479 9.41754627227783 9.0115966796875 8.88547706604004 8.88444900512695 8.88053894042969
1964 08 18 00 18.9269351959229 18.9162845611572 18.8973045349121 18.8600273132324 18.7382984161377 17.6598854064941 13.9789323806763 12.7025918960571 10.7598009109497 10.0018339157104 9.21825313568115 8.93364715576172 8.84499454498291 8.84426593780518 8.84261608123779
1964 08 19 00 18.7271957397461 18.7125835418701 18.6832847595215 18.6121215820312 18.380392074585 17.3882255554199 13.8785943984985 12.4383602142334 10.8898811340332 10.0777082443237 9.35877704620361 8.9898099899292 8.85076808929443 8.84906578063965 8.85044288635254
1964 08 20 00 18.8705883026123 18.8373794555664 18.6026992797852 18.1401844024658 17.7999420166016 16.4978942871094 14.372654914856 13.5738382339478 11.9661674499512 10.7690601348877 9.98343467712402 9.47367095947266 9.11696910858154 8.9570951461792 8.93828392028809
1964 08 21 00 19.1740741729736 19.1391124725342 18.7862701416016 18.0678806304932 16.8393936157227 15.7300519943237 14.7866296768188 13.8156757354736 12.8739185333252 12.0754737854004 11.2870435714722 10.5697536468506 9.94465065002441 9.38218402862549 9.19517517089844
1964 08 22 00 19.2816066741943 19.257604598999 19.1287593841553 18.2556552886963 17.714916229248 17.0425815582275 16.3143558502197 15.2355108261108 13.964822769165 13.0986299514771 12.3114366531372 11.5538845062256 10.8757438659668 10.2206039428711 9.86425876617432
1964 08 23 00 19.2289009094238 19.2202835083008 19.2039279937744 19.0825786590576 18.83034324646 18.4510173797607 18.0548286437988 17.1831665039062 15.9103631973267 15.0309677124023 13.8134183883667 12.6286268234253 11.9684705734253 11.3439359664917 10.8687934875488
1964 08 24 00 19.244421005249 19.2394008636475 19.2329196929932 19.2281150817871 19.2168006896973 18.8343772888184 18.408763885498 17.9406070709229 17.2716159820557 16.4021797180176 15.1351232528687 13.8070983886719 12.8869066238403 12.3275384902954 11.9928798675537
1964 08 25 00 19.031566619873 19.0295925140381 19.0260467529297 19.0216178894043 19.0129585266113 18.916431427002 18.6417827606201 18.2877368927002 17.8648452758789 17.1496257781982 16.1042022705078 14.8356018066406 13.7333345413208 13.2108964920044 13.0032863616943
1964 08 26 00 18.3323211669922 18.3207149505615 18.3064937591553 18.3025875091553 18.3010196685791 18.2988224029541 18.2953300476074 18.2870788574219 18.1810111999512 17.5151329040527 16.752893447876 15.8453035354614 14.7763242721558 14.1376791000366 13.9204940795898
1964 08 27 00 17.9412021636963 17.934663772583 17.923921585083 17.915018081665 17.9059906005859 17.8745994567871 17.8374176025391 17.7811126708984 17.7468948364258 17.5490493774414 17.1601963043213 16.567699432373 15.6984672546387 15.2312879562378 15.0074520111084
1964 08 28 00 17.4524879455566 17.447904586792 17.4445953369141 17.4427032470703 17.4411506652832 17.4389495849609 17.4319190979004 17.3295593261719 17.149299621582 17.0958290100098 17.046760559082 16.8342781066895 16.3236465454102 16.1657638549805 15.9175052642822
1964 08 29 00 17.1039695739746 16.8453483581543 16.7503662109375 16.7187919616699 16.6932239532471 16.628324508667 16.521879196167 16.3798370361328 16.1631507873535 16.0970096588135 16.0967807769775 16.096700668335 16.0861339569092 16.0505466461182 16.0198955535889
1964 08 30 00 17.7781829833984 17.3047866821289 16.8000926971436 16.6435604095459 16.5690326690674 16.5003890991211 16.4192581176758 16.3572559356689 16.2862243652344 16.1058807373047 16.0719146728516 16.060188293457 16.060188293457 16.0324382781982 15.9316911697388
1964 08 31 00 18.066068649292 17.832986831665 16.7804851531982 16.4906024932861 16.3661136627197 16.2963199615479 16.2685680389404 16.2600803375244 16.1955490112305 16.09716796875 16.0722541809082 16.0626773834229 16.0507984161377 15.9885902404785 15.8978128433228
1964 09 01 00 17.8743743896484 17.840217590332 17.3523559570312 16.6850643157959 16.5870552062988 16.5451793670654 16.5178852081299 16.4679718017578 16.3490829467773 16.1963691711426 16.0856227874756 16.0018062591553 15.9560632705688 15.8740081787109 15.8189344406128
1964 09 02 00 17.1523876190186 17.1503639221191 17.147029876709 17.1349029541016 17.1290550231934 17.1264667510986 17.123950958252 17.1212463378906 17.1166362762451 17.0727081298828 16.6145725250244 15.9673852920532 15.8009052276611 15.6266469955444 15.5775356292725
1964 09 03 00 17.362678527832 17.3611450195312 17.356086730957 17.3509330749512 17.3457050323486 17.3434200286865 17.3421611785889 17.3397159576416 17.33424949646 17.2252254486084 16.4986381530762 15.8710050582886 15.6652889251709 15.4633150100708 15.4256744384766
1964 09 04 00 17.4360466003418 17.4280261993408 17.4194679260254 17.4148063659668 17.4116821289062 17.4101581573486 17.4082813262939 17.4044094085693 17.3520107269287 16.9068698883057 16.1689186096191 15.8848257064819 15.503044128418 15.4096632003784 15.4232959747314
1964 09 05 00 17.338134765625 17.3380565643311 17.335521697998 17.3320541381836 17.3278198242188 17.3226318359375 17.315746307373 17.3054885864258 17.2763519287109 16.7402744293213 16.2639122009277 15.9146814346313 15.5029439926147 15.4322071075439 15.4205274581909
1964 09 06 00 16.9958343505859 16.9958591461182 16.9956359863281 16.9951553344727 16.99440574646 16.9934253692627 16.9919910430908 16.9893741607666 16.9835643768311 16.9395332336426 16.6569652557373 16.4882564544678 16.2249164581299 15.9783554077148 15.6949911117554
1964 09 07 00 17.1002254486084 17.1002254486084 17.0999622344971 17.0998077392578 17.0994167327881 17.0987586975098 17.0980014801025 17.0972957611084 17.0967197418213 17.0967540740967 17.0970211029053 17.0948600769043 17.0759830474854 17.0907974243164 16.9404792785645
1964 09 08 00 17.1000518798828 17.0982131958008 17.0902423858643 17.0776596069336 17.0658950805664 17.0603637695312 17.055736541748 17.0482921600342 17.0477561950684 17.0623760223389 17.0705032348633 17.0708827972412 17.0672607421875 17.0657348632812 17.0179405212402
1964 09 09 00 17.0447387695312 17.0413646697998 17.033992767334 17.0248031616211 17.0046005249023 16.9925594329834 16.9915046691895 17.0074710845947 17.0214672088623 17.0028114318848 16.9930934906006 16.9990768432617 16.9954929351807 16.9932556152344 16.9897346496582
1964 09 10 00 16.9257736206055 16.9221744537354 16.9146175384521 16.9078025817871 16.9157733917236 16.8958835601807 16.8618488311768 16.828426361084 16.8039321899414 16.8080520629883 16.8473796844482 16.8888301849365 16.8974323272705 16.8957691192627 16.9014301300049
1964 09 11 00 16.86745262146 16.8661193847656 16.8634414672852 16.8600845336914 16.8597049713135 16.819299697876 16.6902503967285 16.6005001068115 16.5914325714111 16.6255378723145 16.6873683929443 16.7715244293213 16.8167724609375 16.8130798339844 16.8064384460449
1964 09 12 00 17.1015090942383 17.0989036560059 17.0940265655518 17.0872116088867 17.0751705169678 17.0274391174316 16.8742752075195 16.6574115753174 16.5996189117432 16.5700492858887 16.5727348327637 16.6000957489014 16.5844039916992 16.5195827484131 16.4829292297363
1964 09 13 00 17.1197319030762 17.1187610626221 17.11669921875 17.1137657165527 17.1092205047607 17.1002826690674 17.071891784668 16.8122291564941 16.4493541717529 16.2707958221436 16.2110481262207 16.1865253448486 16.1316871643066 16.0558242797852 16.0247955322266
1964 09 14 00 17.1708717346191 17.1679725646973 17.1639347076416 17.158655166626 17.1500148773193 17.1269588470459 16.9615116119385 16.5470581054688 15.7680387496948 15.467583656311 15.4515419006348 15.4772367477417 15.5116758346558 15.5200672149658 15.5426645278931
1964 09 15 00 17.1802310943604 17.1796894073486 17.1770191192627 17.1730632781982 17.1672420501709 17.1559505462646 17.0669975280762 16.2708759307861 15.1306095123291 14.6347188949585 14.659595489502 14.8513650894165 15.0639305114746 15.2438821792603 15.3103046417236
1964 09 16 00 17.0317916870117 17.0300598144531 17.0269756317139 17.022533416748 17.0158309936523 17.0033073425293 16.9596424102783 16.3868255615234 15.0128812789917 14.1627159118652 14.1060104370117 14.4849548339844 14.8909530639648 15.2119770050049 15.3002920150757
1964 09 17 00 17.0190582275391 17.0144786834717 17.0079078674316 16.9980335235596 16.978364944458 16.8776512145996 16.7565803527832 15.8871669769287 14.3622732162476 13.7550849914551 13.7747974395752 14.2132139205933 14.6474866867065 15.1155471801758 15.3975534439087
1964 09 18 00 16.7883968353271 16.7883968353271 16.7882404327393 16.7879180908203 16.7872409820557 16.7851181030273 16.7744235992432 16.613338470459 15.9278745651245 15.1660985946655 14.9190139770508 15.0412607192993 15.0125102996826 15.2081441879272 15.5435247421265
1964 09 19 00 16.9942073822021 16.9884700775146 16.9807357788086 16.9737739562988 16.9680652618408 16.9624996185303 16.9531669616699 16.9531402587891 16.9540481567383 16.9488372802734 16.9487628936768 16.8157215118408 16.3780899047852 15.9626560211182 16.027473449707
1964 09 20 00 16.7678775787354 16.7678890228271 16.7679958343506 16.7676315307617 16.7670917510986 16.7664794921875 16.7657680511475 16.7650547027588 16.7648601531982 16.7649478912354 16.7660217285156 16.7338333129883 16.6178283691406 16.5829315185547 16.6021766662598
1964 09 21 00 16.6200275421143 16.6198539733887 16.6185340881348 16.616455078125 16.6139526367188 16.6113834381104 16.6087779998779 16.6060848236084 16.6000709533691 16.6183738708496 16.6343841552734 16.6343746185303 16.6343746185303 16.6343746185303 16.6046447753906
1964 09 22 00 16.5531139373779 16.5538463592529 16.5533466339111 16.5525970458984 16.5519485473633 16.5525207519531 16.5589637756348 16.5604095458984 16.5807342529297 16.5825653076172 16.5851631164551 16.5829448699951 16.5818004608154 16.5809078216553 16.577751159668
1964 09 23 00 16.5250339508057 16.5194969177246 16.5051879882812 16.4920921325684 16.5053634643555 16.5426940917969 16.5586280822754 16.5652732849121 16.5771770477295 16.5777263641357 16.5792846679688 16.5758113861084 16.5592269897461 16.5582809448242 16.5556240081787
1964 09 24 00 16.4219417572021 16.4198570251465 16.4177703857422 16.4727020263672 16.5267162322998 16.5194301605225 16.4868412017822 16.499906539917 16.5160026550293 16.5281600952148 16.545036315918 16.5540065765381 16.5451755523682 16.5461349487305 16.5464286804199
1964 09 25 00 16.415189743042 16.413911819458 16.4102668762207 16.4443492889404 16.4481639862061 16.4353694915771 16.4457149505615 16.4599342346191 16.4715728759766 16.4812984466553 16.511510848999 16.5392627716064 16.5378932952881 16.5322456359863 16.538688659668
1964 09 26 00 16.3073616027832 16.3073616027832 16.3073234558105 16.3067665100098 16.3061428070068 16.3056373596191 16.3047866821289 16.3303813934326 16.3644046783447 16.4059410095215 16.4755382537842 16.5309066772461 16.5406875610352 16.5403709411621 16.5409317016602
1964 09 27 00 16.1413097381592 16.1413478851318 16.1404609680176 16.1319561004639 16.1212558746338 16.1145858764648 16.1183395385742 16.166015625 16.24338722229 16.3458080291748 16.4403858184814 16.4978218078613 16.5327415466309 16.5412368774414 16.5380115509033
1964 09 28 00 16.0074214935303 16.0072822570801 16.0060062408447 16.0019111633301 15.9914751052856 16.0502738952637 16.1793594360352 16.2733955383301 16.3277645111084 16.3564758300781 16.4032020568848 16.4773445129395 16.4802722930908 16.4559440612793 16.4398250579834
1964 09 29 00 15.9437847137451 15.9423093795776 15.9387912750244 15.939492225647 15.9563426971436 15.9830856323242 15.9716701507568 15.9552755355835 15.9468202590942 15.9507532119751 16.0956897735596 16.3476943969727 16.3790454864502 16.3549537658691 16.3401870727539
1964 09 30 00 15.8578805923462 15.8557395935059 15.8413734436035 15.8344459533691 15.829984664917 15.8241386413574 15.8110218048096 15.7765264511108 15.7620086669922 15.783896446228 15.9047966003418 16.2005615234375 16.3274726867676 16.3249416351318 16.2981052398682
1964 10 01 00 15.8334217071533 15.8331146240234 15.8323392868042 15.8306827545166 15.8288011550903 15.8269119262695 15.824610710144 15.818507194519 15.7470531463623 15.6321706771851 15.5315856933594 16.0372467041016 16.3056201934814 16.3014545440674 16.276517868042
1964 10 02 00 15.8267545700073 15.8263034820557 15.8246831893921 15.8224592208862 15.8198156356812 15.8163986206055 15.8094930648804 15.7438907623291 15.5820150375366 15.5165767669678 15.5898990631104 16.2021961212158 16.2829971313477 16.2820339202881 16.2610301971436
1964 10 03 00 15.9099588394165 15.8973846435547 15.8681764602661 15.8495473861694 15.8415842056274 15.8337106704712 15.8229188919067 15.7629861831665 15.7062540054321 15.8330345153809 16.0189018249512 16.184757232666 16.1954326629639 16.2107200622559 16.1659908294678
1964 10 04 00 15.9178514480591 15.9172058105469 15.9170751571655 15.9338674545288 15.9245080947876 15.9024448394775 15.8802452087402 15.8600521087646 15.8767547607422 15.9880275726318 16.0404663085938 16.0762062072754 16.0868034362793 16.1148090362549 16.0984306335449
1964 10 05 00 16.0370292663574 16.0276718139648 15.9900360107422 15.9659633636475 15.9363698959351 15.9055795669556 15.8995885848999 15.8978490829468 15.9413909912109 16.0174980163574 16.0588474273682 16.0715026855469 16.0748310089111 16.0969562530518 16.1033306121826
1964 10 06 00 15.9742851257324 15.9739084243774 15.9720811843872 15.968391418457 15.9448461532593 15.8959312438965 15.8106708526611 15.7696266174316 15.7370471954346 15.7426290512085 15.8982534408569 16.0986595153809 16.1279945373535 16.1140556335449 16.1123008728027
1964 10 07 00 15.8560094833374 15.8560161590576 15.853684425354 15.8505296707153 15.8460006713867 15.8335561752319 15.725438117981 15.7016410827637 15.6998586654663 15.6928577423096 15.7877330780029 16.0637512207031 16.1014289855957 16.097240447998 16.0946674346924
1964 10 08 00 15.713436126709 15.7134656906128 15.7105321884155 15.7069435119629 15.7027273178101 15.6964168548584 15.6720275878906 15.584789276123 15.6112041473389 15.6658811569214 15.7899780273438 16.0172214508057 16.074857711792 16.0641040802002 16.0542602539062
1964 10 09 00 15.4468221664429 15.4474258422852 15.4447546005249 15.4413318634033 15.4374189376831 15.4319982528687 15.4139919281006 15.3176116943359 15.2781791687012 15.2701663970947 15.5999631881714 16.0615882873535 16.0667839050293 16.0336532592773 16.0234508514404
1964 10 10 00 15.1958112716675 15.1961641311646 15.1929244995117 15.188494682312 15.1829128265381 15.1736536026001 15.130820274353 14.6413812637329 14.1404056549072 13.9176406860352 15.0681257247925 16.0011081695557 16.0614414215088 16.0255298614502 16.0097198486328
1964 10 11 00 15.0702505111694 15.0698308944702 15.0661859512329 15.0611534118652 15.0541982650757 15.0405912399292 14.9470262527466 14.1375274658203 13.3898944854736 12.9382190704346 14.2204856872559 15.715350151062 16.0390472412109 16.02073097229 16.0014724731445
1964 10 12 00 14.8261299133301 14.8265314102173 14.8228445053101 14.8172731399536 14.8100347518921 14.7974042892456 14.7431993484497 13.7614965438843 12.9866333007812 12.4783926010132 13.7932081222534 15.608980178833 16.0195713043213 16.0164089202881 15.9888334274292
1964 10 13 00 14.4738245010376 14.473931312561 14.4707918167114 14.4659633636475 14.4599494934082 14.4504585266113 14.4188385009766 13.6035184860229 12.8128795623779 12.4024591445923 14.1786966323853 15.8184185028076 16.0147972106934 16.0042858123779 15.9731693267822
1964 10 14 00 14.2362670898438 14.2370147705078 14.235426902771 14.2329015731812 14.2300968170166 14.226580619812 14.2190103530884 13.7439346313477 13.0168590545654 12.5010118484497 13.8518495559692 15.5263319015503 15.9901027679443 15.9977407455444 15.9766826629639
1964 10 15 00 14.1248025894165 14.1261911392212 14.1259479522705 14.1253881454468 14.1255044937134 14.1266317367554 14.1286344528198 13.9620304107666 13.2735395431519 13.2996530532837 13.961784362793 15.3624172210693 15.9500980377197 15.9851379394531 15.9664440155029
1964 10 16 00 14.0051708221436 14.0065269470215 14.0068330764771 14.007363319397 14.0105009078979 14.0153179168701 14.0262851715088 14.1380891799927 13.756890296936 13.700927734375 14.1068477630615 15.144248008728 15.7453832626343 15.9020767211914 15.8851346969604
1964 10 17 00 14.0237302780151 14.0251932144165 14.0270910263062 14.0339822769165 14.0772190093994 14.126425743103 14.1215858459473 14.1672849655151 14.1400098800659 14.0253276824951 14.0588626861572 14.5559539794922 15.0191440582275 15.6189212799072 15.76233959198
1964 10 18 00 14.032075881958 14.0405197143555 14.0540790557861 14.0807285308838 14.1416902542114 14.1540613174438 14.1988582611084 14.2995529174805 14.4242172241211 14.5310573577881 14.7934017181396 15.055871963501 15.1243829727173 15.2823438644409 15.4721155166626
1964 10 19 00 13.9768867492676 13.9771070480347 13.9776010513306 13.9907627105713 14.1163921356201 14.2746458053589 14.4756860733032 14.665454864502 14.8234224319458 14.9376668930054 15.0384721755981 15.1009798049927 15.1572256088257 15.15318775177 15.1440191268921
1964 10 20 00 14.0810356140137 14.0808534622192 14.0813865661621 14.1199598312378 14.2207469940186 14.3198642730713 14.4769830703735 14.6218595504761 14.7108840942383 14.7441377639771 14.7501792907715 14.7466945648193 14.8882827758789 14.9447650909424 14.9294128417969
1964 10 21 00 14.3540296554565 14.3540620803833 14.353814125061 14.3532485961914 14.3580617904663 14.362268447876 14.3708086013794 14.4121589660645 14.4635772705078 14.4874420166016 14.49840259552 14.5022773742676 14.6284990310669 14.6754455566406 14.6826515197754
1964 10 22 00 14.2820272445679 14.2820272445679 14.282377243042 14.2823305130005 14.2822694778442 14.2824850082397 14.2832469940186 14.2881660461426 14.3460741043091 14.3723564147949 14.3865127563477 14.4203395843506 14.4656000137329 14.4696044921875 14.4475755691528
1964 10 23 00 14.1212329864502 14.1212329864502 14.1212329864502 14.1212539672852 14.1212539672852 14.1212320327759 14.1211929321289 14.1211452484131 14.1210927963257 14.1210498809814 14.1210136413574 14.1210069656372 14.1210660934448 14.1211795806885 14.1220388412476
1964 10 24 00 13.9073066711426 13.9076642990112 13.9092626571655 13.9436206817627 13.9432678222656 13.9488410949707 13.9509258270264 13.9464921951294 13.9351282119751 13.9222965240479 13.914571762085 13.9151878356934 13.9222984313965 13.9304599761963 13.9334363937378
1964 10 25 00 13.6071577072144 13.6053705215454 13.6081209182739 13.7902936935425 13.8833284378052 13.8723268508911 13.8727712631226 13.8764762878418 13.8674154281616 13.8313493728638 13.8015813827515 13.7996053695679 13.8126831054688 13.8156824111938 13.8316068649292
1964 10 26 00 13.4343414306641 13.4340562820435 13.4754371643066 13.56223487854 13.7714128494263 13.7714862823486 13.7711696624756 13.796425819397 13.8072271347046 13.8259048461914 13.8147077560425 13.8243083953857 13.8274059295654 13.8104391098022 13.8057718276978
1964 10 27 00 13.1398191452026 13.1409034729004 13.1627197265625 13.5561180114746 13.6322689056396 13.6982164382935 13.7584056854248 13.7943258285522 13.8244104385376 13.8419618606567 13.8481121063232 13.8418016433716 13.8053331375122 13.7680101394653 13.7470893859863
1964 10 28 00 13.0998134613037 13.1029405593872 13.1072511672974 13.1794624328613 13.2672653198242 13.3120632171631 13.3795289993286 13.6921949386597 13.7312612533569 13.7579021453857 13.7859325408936 13.7993774414062 13.7528419494629 13.7063541412354 13.6628007888794
1964 10 29 00 12.7068519592285 12.7094278335571 12.7119197845459 12.7318134307861 12.742130279541 12.7581586837769 12.7952585220337 13.2478723526001 13.3453216552734 13.5226516723633 13.6798639297485 13.7213354110718 13.6760282516479 13.6211566925049 13.5691509246826
1964 10 30 00 12.4273281097412 12.4273281097412 12.4273281097412 12.4273195266724 12.4273567199707 12.4280319213867 12.4394578933716 12.7220726013184 13.0530920028687 13.356707572937 13.6037425994873 13.6137933731079 13.588924407959 13.5254325866699 13.4917640686035
1964 10 31 00 12.0686340332031 12.0686340332031 12.0683975219727 12.0676574707031 12.0674533843994 12.070369720459 12.0845746994019 12.2356386184692 12.6879577636719 13.0401792526245 13.3680353164673 13.458592414856 13.4807319641113 13.4379072189331 13.3992700576782
1964 11 01 00 11.8269939422607 11.8271636962891 11.8253526687622 11.8226680755615 11.8280725479126 11.8507680892944 11.8488388061523 12.0101261138916 12.441330909729 12.8882703781128 13.2045955657959 13.3602075576782 13.3870830535889 13.3587589263916 13.3053045272827
1964 11 02 00 11.8020343780518 11.8022346496582 11.8021564483643 11.8053903579712 11.8785371780396 12.0452289581299 12.1385736465454 12.2824945449829 12.5455017089844 12.9008102416992 13.104564666748 13.2526226043701 13.3547868728638 13.3680219650269 13.3193454742432
1964 11 03 00 12.4349594116211 12.43528175354 12.4357452392578 12.4365425109863 12.4701881408691 12.6617021560669 12.8120155334473 12.90505027771 12.9592208862305 13.0010433197021 13.0114336013794 13.0818128585815 13.1565618515015 13.3075046539307 13.2547922134399
1964 11 04 00 13.0246601104736 13.025203704834 13.0254259109497 13.0249719619751 13.0246696472168 13.0251655578613 13.0283451080322 13.0432968139648 13.1445026397705 13.2219696044922 13.2285957336426 13.2347354888916 13.2472047805786 13.2363634109497 13.2294464111328
1964 11 05 00 12.7749214172363 12.7774591445923 12.7789192199707 12.7810134887695 12.7863636016846 12.806866645813 12.9361953735352 13.0892677307129 13.1822414398193 13.1841058731079 13.1753234863281 13.1591024398804 13.1511840820312 13.1414289474487 13.1499929428101
1964 11 06 00 12.2138338088989 12.2194900512695 12.228814125061 12.2577037811279 12.4908981323242 12.7948083877563 12.977596282959 13.1118965148926 13.1144380569458 13.1011552810669 13.0864515304565 13.0612335205078 13.0533418655396 13.0559320449829 13.0536336898804
1964 11 07 00 11.7830696105957 11.7822189331055 11.7860202789307 11.8914680480957 12.1997213363647 12.401967048645 12.7204923629761 12.9945526123047 13.0517721176147 13.0699939727783 13.0635223388672 13.0222682952881 12.9988260269165 12.9992113113403 12.9892740249634
1964 11 08 00 12.4902124404907 12.4914388656616 12.4917612075806 12.4920673370361 12.4933595657349 12.5245323181152 12.5950765609741 12.6366786956787 12.6834344863892 12.7349414825439 12.8363466262817 12.9308948516846 13.03089427948 13.0216255187988 12.9828205108643
1964 11 09 00 12.4085054397583 12.4091920852661 12.4092769622803 12.409104347229 12.4088697433472 12.4086561203003 12.4085540771484 12.4087495803833 12.4097995758057 12.4169054031372 12.46568775177 12.6379270553589 12.7922916412354 12.9231643676758 12.9126501083374
1964 11 10 00 12.3245277404785 12.323805809021 12.3231859207153 12.3225030899048 12.3213405609131 12.3180503845215 12.2997236251831 12.308217048645 12.458062171936 12.5242376327515 12.5565824508667 12.5683155059814 12.5754461288452 12.5807857513428 12.5773639678955
1964 11 11 00 12.2488222122192 12.2480306625366 12.2471084594727 12.2459211349487 12.244327545166 12.2422027587891 12.2369270324707 12.221248626709 12.2188119888306 12.2023639678955 12.1926851272583 12.1926851272583 12.1915578842163 12.1911449432373 12.1894950866699
1964 11 12 00 12.3207950592041 12.3211250305176 12.3201885223389 12.3188142776489 12.3171625137329 12.3153276443481 12.3140869140625 12.3181037902832 12.2835416793823 12.1480855941772 12.0531215667725 12.0400161743164 12.0468769073486 12.0478200912476 12.0500249862671
1964 11 13 00 12.1972703933716 12.1996955871582 12.2010622024536 12.2020874023438 12.2039318084717 12.2118339538574 12.2788391113281 12.3053913116455 12.2253818511963 12.1162805557251 12.0698184967041 12.0391025543213 12.0311946868896 12.0311946868896 12.025351524353
1964 11 14 00 12.0054636001587 12.0062322616577 12.0062942504883 12.0056896209717 12.005256652832 12.0066328048706 12.0295362472534 12.0381574630737 12.0320472717285 12.0713195800781 12.1012897491455 12.0754928588867 12.0420007705688 12.0325412750244 12.0324697494507
1964 11 15 00 11.8207626342773 11.8201885223389 11.8205108642578 11.8366546630859 11.84423828125 11.854663848877 11.8670177459717 11.8811492919922 11.9416484832764 11.9713068008423 11.9689769744873 11.9614753723145 11.9510822296143 11.9471397399902 11.947226524353
1964 11 16 00 11.5444841384888 11.5470247268677 11.6949615478516 11.8485088348389 11.8584299087524 11.8734769821167 11.8873777389526 11.8790798187256 11.8593454360962 11.844500541687 11.8339729309082 11.8230791091919 11.8025760650635 11.7807025909424 11.7607517242432
1964 11 17 00 11.4060792922974 11.4075040817261 11.4158248901367 11.5256910324097 11.6587696075439 11.7246742248535 11.7515182495117 11.7730255126953 11.7868976593018 11.7929973602295 11.7726488113403 11.7352695465088 11.6752433776855 11.655592918396 11.6439828872681
1964 11 18 00 11.3839330673218 11.3840980529785 11.3849334716797 11.4027433395386 11.4557323455811 11.5533456802368 11.6602725982666 11.7076988220215 11.7456178665161 11.7585287094116 11.7228746414185 11.6609048843384 11.6045656204224 11.593225479126 11.581974029541
1964 11 19 00 11.3575620651245 11.3575983047485 11.3578863143921 11.3667135238647 11.433539390564 11.5428667068481 11.608494758606 11.6378555297852 11.7055931091309 11.7411489486694 11.7375955581665 11.7057723999023 11.658314704895 11.6159372329712 11.5519380569458
1964 11 20 00 11.2400093078613 11.2415390014648 11.2854795455933 11.3547582626343 11.4009628295898 11.4599418640137 11.4731197357178 11.4539499282837 11.4436206817627 11.4373331069946 11.4624671936035 11.5040493011475 11.5145263671875 11.5070018768311 11.4861927032471
1964 11 21 00 10.9617757797241 10.9639310836792 11.1970882415771 11.4088563919067 11.464822769165 11.4800596237183 11.4670991897583 11.4488019943237 11.4229698181152 11.3828830718994 11.3492364883423 11.3365850448608 11.3407173156738 11.340744972229 11.3363838195801
1964 11 22 00 10.7924995422363 10.7978086471558 11.1289377212524 11.2957534790039 11.3580493927002 11.4003782272339 11.3961534500122 11.3475189208984 11.2851295471191 11.2282943725586 11.2051305770874 11.2031145095825 11.2046461105347 11.2069025039673 11.2102756500244
1964 11 23 00 10.6511564254761 10.649884223938 10.7972202301025 11.1898126602173 11.37389087677 11.4230213165283 11.3793344497681 11.3219451904297 11.2569913864136 11.2124176025391 11.1952924728394 11.1874532699585 11.1820831298828 11.1755990982056 11.1833972930908
1964 11 24 00 10.0566234588623 10.057900428772 10.0761461257935 10.3985900878906 10.9623184204102 11.2281103134155 11.257963180542 11.2923183441162 11.3327808380127 11.363977432251 11.3684196472168 11.3593740463257 11.3156671524048 11.2663297653198 11.2073793411255
1964 11 25 00 9.80692005157471 9.80489826202393 9.8068265914917 10.0622119903564 10.3318281173706 10.733980178833 10.9930658340454 11.099024772644 11.2221021652222 11.3552417755127 11.4392623901367 11.4474267959595 11.4287538528442 11.3813505172729 11.2658891677856
1964 11 26 00 9.66864395141602 9.66563892364502 9.66626358032227 10.2291374206543 10.6001281738281 10.7527112960815 10.8109693527222 10.8649444580078 11.0398530960083 11.2629566192627 11.4217681884766 11.4679832458496 11.441068649292 11.4050703048706 11.3062171936035
1964 11 27 00 9.78314685821533 9.78209114074707 9.78441715240479 9.91486072540283 10.0757122039795 10.1955270767212 10.2211275100708 10.1749782562256 10.3450078964233 10.5981101989746 10.8834543228149 11.2682704925537 11.4297428131104 11.5144920349121 11.5522699356079
1964 11 28 00 9.88082695007324 9.88082695007324 9.88075065612793 9.88012313842773 9.87927436828613 9.87842464447021 9.87801837921143 9.88729000091553 10.1280221939087 10.5958013534546 10.9025974273682 11.1128025054932 11.1776723861694 11.5101356506348 11.7161073684692
1964 11 29 00 9.6246919631958 9.6246919631958 9.6246919631958 9.6247386932373 9.62493228912354 9.62557125091553 9.62776660919189 9.6358470916748 9.71232032775879 10.1297130584717 10.6133260726929 10.8447036743164 11.0235776901245 11.3484239578247 11.5572280883789
1964 11 30 00 9.27256870269775 9.27256870269775 9.27256870269775 9.27256870269775 9.27256870269775 9.27288722991943 9.27327632904053 9.27413082122803 9.27676963806152 9.29014205932617 9.4627046585083 9.62542247772217 9.96347236633301 10.4865913391113 10.439003944397
1964 12 01 00 8.99507904052734 8.99551963806152 8.99551677703857 8.99529075622559 8.99493312835693 8.99450302124023 8.99403667449951 8.99356079101562 8.99319267272949 8.99360179901123 9.00014686584473 9.02229118347168 9.10724353790283 9.50481033325195 9.36357593536377
1964 12 02 00 9.125319480896 9.12549114227295 9.125075340271 9.1244068145752 9.12356853485107 9.1226692199707 9.1223611831665 9.14057159423828 9.20645999908447 9.26707363128662 9.32433795928955 9.39143753051758 9.31882762908936 9.1939697265625 9.14693450927734
1964 12 03 00 9.19369888305664 9.19369888305664 9.19369888305664 9.19369888305664 9.19375801086426 9.19420719146729 9.23403930664062 9.33654117584229 9.43026733398438 9.4892578125 9.5722074508667 9.57075595855713 9.42962646484375 9.31497287750244 9.25222110748291
1964 12 04 00 9.17540073394775 9.17621231079102 9.17658233642578 9.17698287963867 9.17771530151367 9.18038368225098 9.23394775390625 9.35239410400391 9.52129459381104 9.60570812225342 9.71290302276611 9.78452682495117 9.65396499633789 9.45692729949951 9.33438014984131
1964 12 05 00 9.25921535491943 9.26107597351074 9.26128578186035 9.26107025146484 9.26079082489014 9.26075267791748 9.26272869110107 9.27420806884766 9.37026500701904 9.49113082885742 9.58398532867432 9.69492149353027 9.77133941650391 9.66218376159668 9.53162097930908
1964 12 06 00 9.15192985534668 9.1528377532959 9.15249347686768 9.15172100067139 9.15071678161621 9.14952278137207 9.14823532104492 9.1471643447876 9.14773750305176 9.19559860229492 9.27969932556152 9.39335250854492 9.56199741363525 9.73157501220703 9.69646549224854
1964 12 07 00 9.04445648193359 9.04579448699951 9.04586029052734 9.04543018341064 9.04483318328857 9.04418659210205 9.04358863830566 9.04348754882812 9.04481887817383 9.05176258087158 9.07483768463135 9.17486476898193 9.39267444610596 9.6199312210083 9.63208675384521
1964 12 08 00 8.90069580078125 8.90069580078125 8.90068340301514 8.90068340301514 8.90068340301514 8.90066337585449 8.90072536468506 8.90621757507324 9.015700340271 9.11587333679199 9.22337341308594 9.29768085479736 9.40531349182129 9.53259754180908 9.59081840515137
1964 12 09 00 8.76155567169189 8.76238632202148 8.76266670227051 8.7630090713501 8.76362991333008 8.76469898223877 8.76781463623047 8.79499435424805 9.06088447570801 9.23678970336914 9.3620662689209 9.45597457885742 9.57432460784912 9.67362785339355 9.76091003417969
1964 12 10 00 8.64018630981445 8.64341831207275 8.64426231384277 8.64491653442383 8.6464204788208 8.65046977996826 8.6636848449707 8.76022815704346 9.18371963500977 9.31259250640869 9.47426319122314 9.71272659301758 9.90703296661377 10.0185737609863 10.0991382598877
1964 12 11 00 8.64637184143066 8.6489725112915 8.6498327255249 8.65040588378906 8.65127754211426 8.65314960479736 8.65853977203369 8.6842794418335 8.92842483520508 9.32203197479248 9.61390113830566 10.1340036392212 10.375340461731 10.471212387085 10.5017757415771
1964 12 12 00 8.64905071258545 8.6513204574585 8.65185451507568 8.65183925628662 8.65173625946045 8.65180015563965 8.65215873718262 8.65421295166016 8.66385746002197 8.84451675415039 9.13282585144043 9.60648822784424 10.1918640136719 10.4428405761719 10.5073156356812
1964 12 13 00 8.24292278289795 8.24468326568604 8.24554347991943 8.24612045288086 8.24661064147949 8.24713706970215 8.24787902832031 8.25010299682617 8.26729583740234 8.60398483276367 8.91097354888916 9.22411346435547 9.78488445281982 10.308518409729 10.4376792907715
1964 12 14 00 8.12304592132568 8.12590599060059 8.12686061859131 8.12736511230469 8.12788105010986 8.12886047363281 8.13126373291016 8.13735103607178 8.16092586517334 8.30509662628174 8.61559200286865 9.30675411224365 10.1261138916016 10.5582580566406 10.6304540634155
1964 12 15 00 7.9941987991333 7.9965033531189 7.99711179733276 7.99746322631836 7.99882030487061 8.00228881835938 8.01082420349121 8.04046535491943 8.22045516967773 8.79777145385742 9.60676193237305 10.3927354812622 10.8597049713135 11.0035448074341 11.0160293579102
1964 12 16 00 7.71208429336548 7.71389198303223 7.71450710296631 7.71501207351685 7.71651315689087 7.7203254699707 7.73127412796021 7.78452062606812 8.33382606506348 9.17726707458496 9.95600318908691 10.7826890945435 11.1211233139038 11.1374206542969 11.1475963592529
1964 12 17 00 7.52887010574341 7.52670001983643 7.52589845657349 7.52543449401855 7.52419900894165 7.52371025085449 7.52835559844971 7.58412313461304 8.25026321411133 9.13516426086426 9.83389759063721 10.7400588989258 11.1756296157837 11.1768131256104 11.1936731338501
1964 12 18 00 7.48514604568481 7.48372602462769 7.48316144943237 7.48267126083374 7.48213338851929 7.48130798339844 7.48411464691162 7.53267431259155 7.9896502494812 8.73808002471924 9.31490707397461 10.0410375595093 10.719310760498 11.0390014648438 11.1248245239258
1964 12 19 00 7.53067827224731 7.53042078018188 7.53027629852295 7.53007841110229 7.52983570098877 7.52958631515503 7.5293288230896 7.52905750274658 7.54184770584106 8.09181690216064 8.69891548156738 9.37063694000244 9.81470489501953 10.552188873291 10.8933629989624
1964 12 20 00 7.60012578964233 7.60012578964233 7.60012578964233 7.60012578964233 7.60011768341064 7.59986448287964 7.59952211380005 7.6003360748291 7.64409780502319 8.1445140838623 8.75234413146973 9.42906093597412 9.8217716217041 10.3273391723633 10.5619087219238
1964 12 21 00 7.65374422073364 7.65374040603638 7.65373277664185 7.6537036895752 7.65362548828125 7.65355777740479 7.65381097793579 7.65592813491821 7.87965726852417 8.53655433654785 9.16396045684814 9.62429523468018 9.92407894134521 10.1054449081421 10.0857162475586
1964 12 22 00 7.94585418701172 7.94461584091187 7.94379138946533 7.94301271438599 7.94221782684326 7.94163131713867 7.9420485496521 7.98748826980591 8.17390441894531 8.63777256011963 9.12812900543213 9.43838310241699 9.64038276672363 9.72394371032715 9.69564056396484
1964 12 23 00 8.2203950881958 8.21937942504883 8.21845722198486 8.2179126739502 8.22026634216309 8.25632190704346 8.42677021026611 8.53433990478516 8.67284107208252 8.8270320892334 8.9592752456665 9.09921646118164 9.29233264923096 9.49247932434082 9.34787750244141
1964 12 24 00 7.91073989868164 7.91132926940918 7.91223335266113 7.92409658432007 8.09930610656738 8.31461811065674 8.49653053283691 8.64435482025146 8.82887268066406 9.00594615936279 9.14215564727783 9.25579643249512 9.33608818054199 9.35824680328369 9.3276948928833
1964 12 25 00 7.67470502853394 7.67513561248779 7.67514085769653 7.67539930343628 7.67740058898926 7.6916823387146 7.96562433242798 8.39990520477295 8.68590927124023 9.04414653778076 9.29634189605713 9.37844371795654 9.42648506164551 9.38943576812744 9.36475086212158
1964 12 26 00 7.57336664199829 7.57296514511108 7.57297801971436 7.57376289367676 7.58123874664307 7.67728090286255 7.99126625061035 8.32962989807129 8.6889705657959 9.07906246185303 9.22321033477783 9.29217910766602 9.29350280761719 9.22478771209717 9.19901466369629
1964 12 27 00 7.54318475723267 7.54292345046997 7.54282760620117 7.54513263702393 7.66160011291504 7.95464992523193 8.20466899871826 8.42177391052246 8.66524410247803 8.9335412979126 9.01830959320068 9.0600700378418 9.0348482131958 8.92432880401611 8.89567184448242
1964 12 28 00 7.41273021697998 7.4128270149231 7.41263771057129 7.41218948364258 7.41294240951538 7.41891384124756 7.48790550231934 7.93610954284668 8.33527946472168 8.73013973236084 8.95244789123535 9.03444194793701 9.04858875274658 8.92771053314209 8.87443923950195
1964 12 29 00 7.10739755630493 7.10828304290771 7.10695362091064 7.10723829269409 7.11188983917236 7.12947368621826 7.22536134719849 7.81914377212524 8.35942935943604 8.70567512512207 8.89998912811279 9.00163269042969 9.02557945251465 8.95043659210205 8.89793300628662
1964 12 30 00 6.84300565719604 6.84336423873901 6.8429217338562 6.84237098693848 6.84507894515991 6.85556507110596 6.89226055145264 7.19647789001465 8.13844013214111 8.523756980896 8.7691535949707 9.00080299377441 9.10548400878906 9.14333915710449 9.16809940338135
1964 12 31 00 6.5373682975769 6.5373682975769 6.53726530075073 6.5364465713501 6.53605318069458 6.53946876525879 6.555908203125 6.67030382156372 7.77914571762085 8.44471645355225 8.87371253967285 9.20095062255859 9.45671081542969 9.5447883605957 9.58346843719482
