4.39991616474344E-8 
4.45499779289094E-8 
4.48267378772016E-8 
4.50321842038193E-8 
4.52123352090439E-8 
4.53826274338098E-8 
4.55445352542938E-8 
4.56999025288951E-8 
4.5850352847765E-8 
4.59980853406705E-8 
4.61452422939601E-8 
4.62941649459481E-8 
4.64476315187312E-8 
4.66090384065865E-8 
4.6782808738044E-8 
4.69764920296711E-8 
4.72049528355001E-8 
4.7508162737131E-8 
4.81463544588223E-8 
4.95212724160865E-8 
5.21330889569072E-8 
5.29495700618554E-8 
5.33119113299563E-8 
5.362913668705E-8 
5.40310125529686E-8 
5.47405250017619E-8 
5.62279147686695E-8 
5.76425165377259E-8 
5.91762265855778E-8 
6.10761077268762E-8 
6.32946992595862E-8 
6.56485568129028E-8 
6.80461056390413E-8 
7.03817875091772E-8 
7.26114848248471E-8 
7.47022781411033E-8 
7.66293979381771E-8 
7.84028131306513E-8 
8.00262682787434E-8 
8.15106631080198E-8 
8.2851336458134E-8 
8.40628402443144E-8 
8.51666044354715E-8 
8.62107611965257E-8 
8.72436629606455E-8 
8.82847999150727E-8 
8.93518148359362E-8 
9.04750265817711E-8 
9.16879372425683E-8 
9.30411019339772E-8 
9.45256388718008E-8 
9.61334123417146E-8 
9.78319789624038E-8 
9.95766100686524E-8 
1.0132853134337E-7 
1.03052400390879E-7 
1.04709130255287E-7 
1.06269631316991E-7 
1.07716537911529E-7 
1.09031475403754E-7 
1.10195600200313E-7 
1.11197230978632E-7 
1.12028324394942E-7 
1.12724514167439E-7 
1.13573264570732E-7 
1.15850447457433E-7 
1.21902630212389E-7 
1.34605187440684E-7 
1.58701155328345E-7 
1.92373263985246E-7 
2.38896092241703E-7 
2.85272847122542E-7 
3.3175294333887E-7 
3.8015602399355E-7 
4.43980468389782E-7 
5.1254340860396E-7 
5.72892474792752E-7 
6.24552399131062E-7 
6.68143115944986E-7 
7.11633788341715E-7 
7.48616400869651E-7 
7.6902972523385E-7 
7.78752109908964E-7 
7.89448790783354E-7 
7.93534752574487E-7 
7.9587783829993E-7 
8.03295847617846E-7 
8.08775894256542E-7 
8.1420085962236E-7 
8.23186155685107E-7 
8.33503349895182E-7 
8.42200904571655E-7 
8.61067462665233E-7 
8.74825843766303E-7 
8.86816053480288E-7 
8.95636787845433E-7 
9.03155864762084E-7 
9.10405617560173E-7 
9.15883390462113E-7 
9.20437798868079E-7 
9.26837515180523E-7 
9.34301169763785E-7 
9.39621202178387E-7 
9.46245279465074E-7 
9.5865311777743E-7 
9.77358240561443E-7 
1.00359011412365E-6 
1.03989020772133E-6 
1.07732091692014E-6 
1.13719283945102E-6 
1.17270781174739E-6 
1.26838733649492E-6 
1.2803081972379E-6 
1.30139608245372E-6 
1.40771703627252E-6 
1.83578617907187E-6 
