2.19066098594567E-9 
2.19656670630286E-9 
2.19950013757853E-9 
2.20168705489243E-9 
2.20361018321569E-9 
2.20544027484948E-9 
2.20719442722839E-9 
2.20890172819566E-9 
2.21058704674704E-9 
2.21227258734302E-9 
2.21398122057792E-9 
2.21574336656261E-9 
2.21760143581662E-9 
2.219611605625E-9 
2.2218566986254E-9 
2.22448215403404E-9 
2.22779350522728E-9 
2.23269580601482E-9 
2.24599561171601E-9 
2.2997768134303E-9 
2.35134112180901E-9 
2.36086417082504E-9 
2.36435071521157E-9 
2.36799757580286E-9 
2.37413022574628E-9 
2.38603403701632E-9 
2.45994491443469E-9 
2.53772114433559E-9 
2.62421462338125E-9 
2.74363665120347E-9 
2.90790991286372E-9 
3.11979708733645E-9 
3.37560512875257E-9 
3.6545604320537E-9 
3.9233971627084E-9 
4.17915613226683E-9 
4.41431868836162E-9 
4.63582194853984E-9 
4.87325690912144E-9 
5.14625497771704E-9 
5.45878720004112E-9 
5.80852255183117E-9 
6.2025660163556E-9 
6.63976207349037E-9 
7.12717973527788E-9 
7.68338459522511E-9 
8.31167490389362E-9 
9.01557761778804E-9 
9.78668523998749E-9 
1.06099111718549E-8 
1.14851683719053E-8 
1.24049810423799E-8 
1.33533877288983E-8 
1.43417615561248E-8 
1.53712971240338E-8 
1.64474691644045E-8 
1.75701018179097E-8 
1.87205468904494E-8 
1.98198240042302E-8 
2.08463664108649E-8 
2.18461195800046E-8 
2.29456613709544E-8 
2.43909479280546E-8 
2.65711896929588E-8 
2.98204270166025E-8 
3.42392745267261E-8 
3.97286825659648E-8 
4.57200854953044E-8 
5.24150713943072E-8 
5.9097835958255E-8 
6.58996768265752E-8 
7.15048358301829E-8 
7.65305188110688E-8 
8.10673768114611E-8 
8.62978666305025E-8 
9.31522663449869E-8 
9.89102559856292E-8 
1.04173828674448E-7 
1.07894280176879E-7 
1.10456447544038E-7 
1.12051772305222E-7 
1.13048280070416E-7 
1.14043473331549E-7 
1.14950950091952E-7 
1.15545731205202E-7 
1.16199174726717E-7 
1.1713410685843E-7 
1.17842482438846E-7 
1.18498213907969E-7 
1.1952148781802E-7 
1.20312265039502E-7 
1.21032826427836E-7 
1.22236798461017E-7 
1.22989987971778E-7 
1.23721832778756E-7 
1.24348702001953E-7 
1.2500851198638E-7 
1.25584662669098E-7 
1.2611052113698E-7 
1.26659756460867E-7 
1.27452580045428E-7 
1.28634511042947E-7 
1.29516877223068E-7 
1.30309658175065E-7 
1.31821863647019E-7 
1.33495476006829E-7 
1.34933316076058E-7 
1.3670434384494E-7 
1.37917155029754E-7 
1.39391801212696E-7 
1.41706507861272E-7 
1.45034036336256E-7 
1.45367764048387E-7 
1.4676601267638E-7 
1.60245960501015E-7 
1.87853103739144E-7 
