1964 01 01 0 0.00468631740659475
1964 01 02 0 0.0276171416044235
1964 01 03 0 0.029081242159009
1964 01 04 0 0.0456602424383163
1964 01 05 0 0.00314083858393133
1964 01 06 0 0.00246611912734807
1964 01 07 0 0.000540450913831592
1964 01 08 0 0.000958872784394771
1964 01 09 0 0.046582605689764
1964 01 10 0 0.0748027041554451
1964 01 11 0 0.164449989795685
1964 01 12 0 0.0281263422220945
1964 01 13 0 0.00537294242531061
1964 01 14 0 0.00433937087655067
1964 01 15 0 0.00262945867143571
1964 01 16 0 0.00166357599664479
1964 01 17 0 0.00156438502017409
1964 01 18 0 0.000699248223099858
1964 01 19 0 0.00197143666446209
1964 01 20 0 0.00191135588102043
1964 01 21 0 0.0010229506297037
1964 01 22 0 0.000936593860387802
1964 01 23 0 0.000589295581448823
1964 01 24 0 0.000888019625563174
1964 01 25 0 0.00105305039323866
1964 01 26 0 0.000904837099369615
1964 01 27 0 0.00238889106549323
1964 01 28 0 0.00114017410669476
1964 01 29 0 0.00365661550313234
1964 01 30 0 0.000519221823196858
1964 01 31 0 0.000986776780337095
1964 02 01 0 0.00497083505615592
1964 02 02 0 0.00103276502341032
1964 02 03 0 0.000986247905530035
1964 02 04 0 0.00166576902847737
1964 02 05 0 0.00197707186453044
1964 02 06 0 0.00044060469372198
1964 02 07 0 0.0136369746178389
1964 02 08 0 0.0211948994547129
1964 02 09 0 0.00369906867854297
1964 02 10 0 0.00107905943877995
1964 02 11 0 0.000926444015931338
1964 02 12 0 0.000686675368342549
1964 02 13 0 0.00150194717571139
1964 02 14 0 0.00126472616102546
1964 02 15 0 0.00133455428294837
1964 02 16 0 0.00195079471450299
1964 02 17 0 0.000899920763913542
1964 02 18 0 0.00104635173920542
1964 02 19 0 0.000512784696184099
1964 02 20 0 0.00115890195593238
1964 02 21 0 0.00145443645305932
1964 02 22 0 0.000937378907110542
1964 02 23 0 0.00156596803572029
1964 02 24 0 0.00112916715443134
1964 02 25 0 0.000815903185866773
1964 02 26 0 0.000964024278800935
1964 02 27 0 0.00193387106992304
1964 02 28 0 0.000667038257233799
1964 02 29 0 0.000667038257233799
1964 03 01 0 0.000957001058850437
1964 03 02 0 0.00353269674815238
1964 03 03 0 0.00742625491693616
1964 03 04 0 0.00143322697840631
1964 03 05 0 0.000563745095860213
1964 03 06 0 0.0009849788621068
1964 03 07 0 0.00141970359254628
1964 03 08 0 0.000961015990469605
1964 03 09 0 0.00124307745136321
1964 03 10 0 0.000972830632235855
1964 03 11 0 0.00114112976007164
1964 03 12 0 0.00168547919020057
1964 03 13 0 0.00354886008426547
1964 03 14 0 0.00457623414695263
1964 03 15 0 0.00621419213712215
1964 03 16 0 0.00280494685284793
1964 03 17 0 0.00156911334488541
1964 03 18 0 0.000634586147498339
1964 03 19 0 0.000861090258695185
1964 03 20 0 0.000709376588929445
1964 03 21 0 0.011982231400907
1964 03 22 0 0.0125474818050861
1964 03 23 0 0.000968255451880395
1964 03 24 0 0.000690270680934191
1964 03 25 0 0.00297630834393203
1964 03 26 0 0.00330523727461696
1964 03 27 0 0.000893553951755166
1964 03 28 0 0.0012714333133772
1964 03 29 0 0.000749947503209114
1964 03 30 0 0.0572345219552517
1964 03 31 0 0.00213671033270657
1964 04 01 0 0.0718328207731247
1964 04 02 0 0.040145393460989
1964 04 03 0 0.00175472802948207
1964 04 04 0 0.000873401877470315
1964 04 05 0 0.000547451083548367
1964 04 06 0 0.000399266922613606
1964 04 07 0 0.000435949914390221
1964 04 08 0 0.000661937519907951
1964 04 09 0 0.000702462741173804
1964 04 10 0 0.000854251731652766
1964 04 11 0 0.00074891175609082
1964 04 12 0 0.00332873780280352
1964 04 13 0 0.00469208927825093
1964 04 14 0 0.000880538951605558
1964 04 15 0 0.000970564491581172
1964 04 16 0 0.000460089941043407
1964 04 17 0 0.000199226968106814
1964 04 18 0 0.000910053204279393
1964 04 19 0 0.000851924996823072
1964 04 20 0 0.00113727466668934
1964 04 21 0 0.00101471657399088
1964 04 22 0 0.000746008823625743
1964 04 23 0 0.000858555198647082
1964 04 24 0 0.000519180321134627
1964 04 25 0 0.00028643332188949
1964 04 26 0 0.000327200308674946
1964 04 27 0 0.000329616537783295
1964 04 28 0 0.000378995755454525
1964 04 29 0 0.000485815951833501
1964 04 30 0 0.000724771583918482
1964 05 01 0 0.000305215100524947
1964 05 02 0 0.000268048781435937
1964 05 03 0 0.00043777102837339
1964 05 04 0 0.000395116745494306
1964 05 05 0 0.000717389688361436
1964 05 06 0 0.000404051999794319
1964 05 07 0 0.000658233358990401
1964 05 08 0 0.000359420402674004
1964 05 09 0 0.000668578140903264
1964 05 10 0 0.00888680759817362
1964 05 11 0 0.000500177848152816
1964 05 12 0 0.000559919979423285
1964 05 13 0 0.00655552698299289
1964 05 14 0 0.0006231494480744
1964 05 15 0 0.000637428543996066
1964 05 16 0 0.000810422759968787
1964 05 17 0 0.00356572074815631
1964 05 18 0 0.00102263549342752
1964 05 19 0 0.0011315259616822
1964 05 20 0 0.000930695736315101
1964 05 21 0 0.000271635100943968
1964 05 22 0 0.000180080503923818
1964 05 23 0 0.000784224772360176
1964 05 24 0 0.000361685582902282
1964 05 25 0 0.00053402129560709
1964 05 26 0 0.000300161365885288
1964 05 27 0 0.000629983725957572
1964 05 28 0 0.000614607939496636
1964 05 29 0 0.000538000487722456
1964 05 30 0 0.000329945120029151
1964 05 31 0 0.00100229354575276
1964 06 01 0 0.000722000491805375
1964 06 02 0 0.000379326927941293
1964 06 03 0 0.00104984536301345
1964 06 04 0 0.000717932416591793
1964 06 05 0 0.00136879144702107
1964 06 06 0 0.00110452633816749
1964 06 07 0 0.000581224157940596
1964 06 08 0 0.000200025519006886
1964 06 09 0 0.00145457405596972
1964 06 10 0 0.000529821438249201
1964 06 11 0 0.000467134785139933
1964 06 12 0 0.000639394333120435
1964 06 13 0 0.000985349179245532
1964 06 14 0 0.00106573454104364
1964 06 15 0 0.000595959543716162
1964 06 16 0 0.000759445771109313
1964 06 17 0 0.000513760955072939
1964 06 18 0 0.000824794988147914
1964 06 19 0 0.00193603639490902
1964 06 20 0 0.000330485898302868
1964 06 21 0 0.000537716026883572
1964 06 22 0 0.000714996829628944
1964 06 23 0 0.000329325150232762
1964 06 24 0 0.00108675879891962
1964 06 25 0 0.000489700876642019
1964 06 26 0 0.000263173598796129
1964 06 27 0 0.000397952535422519
1964 06 28 0 0.000382408063160256
1964 06 29 0 0.000440239615272731
1964 06 30 0 0.000454256078228354
1964 07 01 0 0.00113149336539209
1964 07 02 0 0.00208323867991567
1964 07 03 0 0.000997138558886945
1964 07 04 0 0.000866226211655885
1964 07 05 0 0.000835019571240991
1964 07 06 0 0.000649400230031461
1964 07 07 0 0.000306472240481526
1964 07 08 0 0.00476680556312203
1964 07 09 0 0.0620286278426647
1964 07 10 0 0.0388718955218792
1964 07 11 0 0.00138867204077542
1964 07 12 0 0.00172714120708406
1964 07 13 0 0.000453670101705939
1964 07 14 0 0.000398475211113691
1964 07 15 0 0.000272877980023623
1964 07 16 0 0.000164558849064633
1964 07 17 0 0.000859769526869059
1964 07 18 0 0.000466142839286476
1964 07 19 0 0.000553621677681804
1964 07 20 0 0.000738534552510828
1964 07 21 0 0.000412429217249155
1964 07 22 0 0.00010993051546393
1964 07 23 0 0.000238184307818301
1964 07 24 0 0.000357349490514025
1964 07 25 0 0.00433064484968781
1964 07 26 0 0.0344677306711674
1964 07 27 0 0.000710851338226348
1964 07 28 0 0.000608564878348261
1964 07 29 0 0.00142743845935911
1964 07 30 0 0.00687428563833237
1964 07 31 0 0.00155018898658454
1964 08 01 0 0.000492647988721728
1964 08 02 0 0.00104749808087945
1964 08 03 0 0.00135129562113434
1964 08 04 0 0.000826425151899457
1964 08 05 0 0.00040372452349402
1964 08 06 0 0.000214362604310736
1964 08 07 0 0.000327271176502109
1964 08 08 0 0.000338464713422582
1964 08 09 0 0.000397272146074101
1964 08 10 0 0.00084181601414457
1964 08 11 0 0.000756974681280553
1964 08 12 0 0.00022757270198781
1964 08 13 0 0.000745700323022902
1964 08 14 0 0.0138663463294506
1964 08 15 0 0.017218554392457
1964 08 16 0 0.0359100326895714
1964 08 17 0 0.0728991627693176
1964 08 18 0 0.0275262519717216
1964 08 19 0 0.0143025675788522
1964 08 20 0 0.0008705691434443
1964 08 21 0 0.000447995029389858
1964 08 22 0 0.000508414639625698
1964 08 23 0 0.00106053985655308
1964 08 24 0 0.001229586196132
1964 08 25 0 0.000570190837606788
1964 08 26 0 0.000480105023598298
1964 08 27 0 0.000813583901617676
1964 08 28 0 0.00106823549140245
1964 08 29 0 0.00103901280090213
1964 08 30 0 0.000570013129618019
1964 08 31 0 0.000218884320929646
1964 09 01 0 0.000837753526866436
1964 09 02 0 0.00197820225730538
1964 09 03 0 0.000131225417135283
1964 09 04 0 0.00020790274720639
1964 09 05 0 0.0248339585959911
1964 09 06 0 0.0592194199562073
1964 09 07 0 0.000650737958494574
1964 09 08 0 0.00104350049514323
1964 09 09 0 0.001129548298195
1964 09 10 0 0.00156513846013695
1964 09 11 0 0.00185857131145895
1964 09 12 0 0.00167754269205034
1964 09 13 0 0.00160337949637324
1964 09 14 0 0.00110837328247726
1964 09 15 0 0.00106338749174029
1964 09 16 0 0.000505699194036424
1964 09 17 0 0.000898737460374832
1964 09 18 0 0.00301397847943008
1964 09 19 0 0.000980500015430152
1964 09 20 0 0.00371245015412569
1964 09 21 0 0.00056876108283177
1964 09 22 0 0.000427883089287207
1964 09 23 0 6.6276072175242e-05
1964 09 24 0 0.000368689594324678
1964 09 25 0 0.000309961353195831
1964 09 26 0 0.00111042498610914
1964 09 27 0 0.000202797018573619
1964 09 28 0 0.00109834410250187
1964 09 29 0 0.000774485873989761
1964 09 30 0 0.000476706249173731
1964 10 01 0 0.00113894988317043
1964 10 02 0 0.00163391057867557
1964 10 03 0 0.0011634276015684
1964 10 04 0 0.000436192465713248
1964 10 05 0 0.000468328624265268
1964 10 06 0 0.0115609057247639
1964 10 07 0 0.0413440614938736
1964 10 08 0 0.0055700452066958
1964 10 09 0 0.00105592759791762
1964 10 10 0 0.00121797854080796
1964 10 11 0 0.00106539740227163
1964 10 12 0 0.00112189294304699
1964 10 13 0 0.00109204952605069
1964 10 14 0 0.00181298598181456
1964 10 15 0 0.0223871003836393
1964 10 16 0 0.00801870506256819
1964 10 17 0 0.000738482165616006
1964 10 18 0 0.000708140491042286
1964 10 19 0 0.00112916412763298
1964 10 20 0 0.000844823778606951
1964 10 21 0 0.00132955564185977
1964 10 22 0 0.00211863638833165
1964 10 23 0 0.00452773226425052
1964 10 24 0 0.000348928791936487
1964 10 25 0 0.00104207335971296
1964 10 26 0 0.00075041875243187
1964 10 27 0 0.000969444459769875
1964 10 28 0 0.00322096655145288
1964 10 29 0 0.0015762277180329
1964 10 30 0 0.000669353525154293
1964 10 31 0 0.000683134770952165
1964 11 01 0 0.000271344266366214
1964 11 02 0 0.000548604759387672
1964 11 03 0 0.000458436406916007
1964 11 04 0 0.000550908036530018
1964 11 05 0 0.000122470388305373
1964 11 06 0 7.34219065634534e-05
1964 11 07 0 0.000366157153621316
1964 11 08 0 0.00831834133714437
1964 11 09 0 0.0130151500925422
1964 11 10 0 0.0129500096663833
1964 11 11 0 0.0043255090713501
1964 11 12 0 0.00217918143607676
1964 11 13 0 0.00153335754293948
1964 11 14 0 0.0553411431610584
1964 11 15 0 0.00256873108446598
1964 11 16 0 0.00131152500398457
1964 11 17 0 0.000688328349497169
1964 11 18 0 0.0193432606756687
1964 11 19 0 0.0704588145017624
1964 11 20 0 0.0108237713575363
1964 11 21 0 0.000502168550156057
1964 11 22 0 0.00245707621797919
1964 11 23 0 0.0130308317020535
1964 11 24 0 0.00252882740460336
1964 11 25 0 0.00112572126090527
1964 11 26 0 0.00103552511427552
1964 11 27 0 0.000519744004122913
1964 11 28 0 0.00199347757734358
1964 11 29 0 0.0159658826887608
1964 11 30 0 0.0540993772447109
1964 12 01 0 0.00825860537588596
1964 12 02 0 0.00178087642416358
1964 12 03 0 0.00102893216535449
1964 12 04 0 0.00486963568255305
1964 12 05 0 0.0314353033900261
1964 12 06 0 0.0196746755391359
1964 12 07 0 0.00111318728886545
1964 12 08 0 0.0041777528822422
1964 12 09 0 0.00122907024342567
1964 12 10 0 0.00238577788695693
1964 12 11 0 0.00221716449595988
1964 12 12 0 0.00523145776242018
1964 12 13 0 0.00114334200043231
1964 12 14 0 0.00179316231515259
1964 12 15 0 0.00105253478977829
1964 12 16 0 0.00210711150430143
1964 12 17 0 0.000819378183223307
1964 12 18 0 0.000571433745790273
1964 12 19 0 0.000973265618085861
1964 12 20 0 0.000709206215105951
1964 12 21 0 0.00122183095663786
1964 12 22 0 0.00731829041615129
1964 12 23 0 0.00174740131478757
1964 12 24 0 0.00113411503843963
1964 12 25 0 0.00145754683762789
1964 12 26 0 0.00277265626937151
1964 12 27 0 0.00174427567981184
1964 12 28 0 0.00108775380067527
1964 12 29 0 0.00543022155761719
1964 12 30 0 0.00257293717004359
1964 12 31 0 0.0030021162237972
