1963 12 1 0 10.93834400177
1963 12 2 0 8.88151741027832
1963 12 3 0 7.09274244308472
1963 12 4 0 4.25841188430786
1963 12 5 0 5.67297315597534
1963 12 6 0 6.87108945846558
1963 12 7 0 4.60173177719116
1963 12 8 0 4.86558771133423
1963 12 9 0 5.5717396736145
1963 12 10 0 6.12763977050781
1963 12 11 0 3.79036927223206
1963 12 12 0 4.79909086227417
1963 12 13 0 5.07227849960327
1963 12 14 0 3.66047096252441
1963 12 15 0 5.83880805969238
1963 12 16 0 6.24573755264282
1963 12 17 0 4.43398427963257
1963 12 18 0 3.94331645965576
1963 12 19 0 7.79336023330688
1963 12 20 0 4.33362436294556
1963 12 21 0 7.20825815200806
1963 12 22 0 4.54303646087646
1963 12 23 0 7.10246896743774
1963 12 24 0 6.31291389465332
1963 12 25 0 6.3089656829834
1963 12 26 0 4.94480752944946
1963 12 27 0 5.06484842300415
1963 12 28 0 7.50585556030273
1963 12 29 0 3.86388111114502
1963 12 30 0 7.06464529037476
1963 12 31 0 3.7521436214447
1964 1 1 0 3.65127825737
1964 1 2 0 3.72076535224915
1964 1 3 0 4.99488496780396
1964 1 4 0 4.44310569763184
1964 1 5 0 10.1322450637817
1964 1 6 0 10.3256187438965
1964 1 7 0 10.130747795105
1964 1 8 0 10.7844572067261
1964 1 9 0 11.0401334762573
1964 1 10 0 6.25513410568237
1964 1 11 0 10.3956727981567
1964 1 12 0 9.61865425109863
1964 1 13 0 11.953688621521
1964 1 14 0 7.79512453079224
1964 1 15 0 5.4380898475647
1964 1 16 0 8.58120822906494
1964 1 17 0 6.25842666625977
1964 1 18 0 8.17644596099854
1964 1 19 0 7.48690938949585
1964 1 20 0 7.64345026016235
1964 1 21 0 9.89895153045654
1964 1 22 0 15.606819152832
1964 1 23 0 11.8429861068726
1964 1 24 0 15.8032598495483
1964 1 25 0 10.1733121871948
1964 1 26 0 8.19701290130615
1964 1 27 0 11.2538261413574
1964 1 28 0 11.2842636108398
1964 1 29 0 8.3202486038208
1964 1 30 0 8.68086338043213
1964 1 31 0 11.0792169570923
1964 2 1 0 10.7042322158813
1964 2 2 0 8.906081199646
1964 2 3 0 14.9519701004028
1964 2 4 0 22.5686340332031
1964 2 5 0 13.4422216415405
1964 2 6 0 10.9048843383789
1964 2 7 0 16.6810779571533
1964 2 8 0 14.4517021179199
1964 2 9 0 14.034104347229
1964 2 10 0 11.7625570297241
1964 2 11 0 12.3030805587769
1964 2 12 0 13.4760084152222
1964 2 13 0 13.1530103683472
1964 2 14 0 13.3381996154785
1964 2 15 0 14.1904106140137
1964 2 16 0 14.9101781845093
1964 2 17 0 14.632438659668
1964 2 18 0 19.9649257659912
1964 2 19 0 20.8707065582275
1964 2 20 0 15.6228494644165
1964 2 21 0 23.5876178741455
1964 2 22 0 18.8298397064209
1964 2 23 0 38.3314933776855
1964 2 24 0 20.1898708343506
1964 2 25 0 19.7506141662598
1964 2 26 0 21.6266841888428
1964 2 27 0 19.9497833251953
1964 2 28 0 20.501974105835
1964 2 29 0 20.0462474822998
1964 3 1 0 20.5799713134766
1964 3 2 0 21.9940395355225
1964 3 3 0 22.5121784210205
1964 3 4 0 27.2648487091064
1964 3 5 0 53.8460426330566
1964 3 6 0 45.059886932373
1964 3 7 0 47.0196189880371
1964 3 8 0 38.6593017578125
1964 3 9 0 43.1999664306641
1964 3 10 0 53.2878837585449
1964 3 11 0 37.9342575073242
1964 3 12 0 52.0081825256348
1964 3 13 0 61.6196327209473
1964 3 14 0 63.8186988830566
1964 3 15 0 63.1855621337891
1964 3 16 0 60.0748558044434
1964 3 17 0 38.3760452270508
1964 3 18 0 71.3394927978516
1964 3 19 0 46.897144317627
1964 3 20 0 34.9485397338867
1964 3 21 0 47.9805335998535
1964 3 22 0 34.9377784729004
1964 3 23 0 35.0496101379395
1964 3 24 0 34.4825859069824
1964 3 25 0 37.0017242431641
1964 3 26 0 36.5318870544434
1964 3 27 0 36.6985130310059
1964 3 28 0 38.6113586425781
1964 3 29 0 37.6366233825684
1964 3 30 0 38.5668296813965
1964 3 31 0 39.2451820373535
1964 4 1 0 68.510612487793
1964 4 2 0 92.6281127929688
1964 4 3 0 95.4505996704102
1964 4 4 0 94.1129455566406
1964 4 5 0 98.4533157348633
1964 4 6 0 93.9972152709961
1964 4 7 0 87.5762405395508
1964 4 8 0 70.8280868530273
1964 4 9 0 57.759334564209
1964 4 10 0 58.8552856445313
1964 4 11 0 95.0069961547852
1964 4 12 0 63.9611358642578
1964 4 13 0 51.6424903869629
1964 4 14 0 76.959831237793
1964 4 15 0 98.2305908203125
1964 4 16 0 71.0283355712891
1964 4 17 0 60.6177406311035
1964 4 18 0 95.1010437011719
1964 4 19 0 97.791389465332
1964 4 20 0 120.594421386719
1964 4 21 0 113.244110107422
1964 4 22 0 122.656318664551
1964 4 23 0 64.8954086303711
1964 4 24 0 56.8359832763672
1964 4 25 0 112.647766113281
1964 4 26 0 124.571388244629
1964 4 27 0 80.4895172119141
1964 4 28 0 67.0616073608398
1964 4 29 0 71.8198699951172
1964 4 30 0 103.655540466309
1964 5 1 0 68.8318786621094
1964 5 2 0 114.245780944824
1964 5 3 0 115.204261779785
1964 5 4 0 74.8454971313477
1964 5 5 0 72.6141357421875
1964 5 6 0 92.1887741088867
1964 5 7 0 131.596282958984
1964 5 8 0 77.6284866333008
1964 5 9 0 139.662155151367
1964 5 10 0 118.846588134766
1964 5 11 0 125.740203857422
1964 5 12 0 71.2413711547852
1964 5 13 0 115.419364929199
1964 5 14 0 72.4160308837891
1964 5 15 0 146.064163208008
1964 5 16 0 149.911117553711
1964 5 17 0 125.37606048584
1964 5 18 0 147.641235351563
1964 5 19 0 154.480331420898
1964 5 20 0 152.742965698242
1964 5 21 0 155.863189697266
1964 5 22 0 157.492599487305
1964 5 23 0 156.829940795898
1964 5 24 0 154.051361083984
1964 5 25 0 141.542984008789
1964 5 26 0 160.152313232422
1964 5 27 0 127.646751403809
1964 5 28 0 119.786430358887
1964 5 29 0 160.355697631836
1964 5 30 0 146.118179321289
1964 5 31 0 120.974212646484
1964 6 1 0 120.470542907715
1964 6 2 0 122.720031738281
1964 6 3 0 90.801887512207
1964 6 4 0 128.533065795898
1964 6 5 0 133.055847167969
1964 6 6 0 119.778686523438
1964 6 7 0 164.649978637695
1964 6 8 0 86.0771789550781
1964 6 9 0 101.539039611816
1964 6 10 0 161.275497436523
1964 6 11 0 138.587112426758
1964 6 12 0 117.485786437988
1964 6 13 0 156.770767211914
1964 6 14 0 165.196212768555
1964 6 15 0 169.233596801758
1964 6 16 0 123.750389099121
1964 6 17 0 128.813552856445
1964 6 18 0 156.662979125977
1964 6 19 0 147.155242919922
1964 6 20 0 125.749885559082
1964 6 21 0 116.046043395996
1964 6 22 0 105.476127624512
1964 6 23 0 83.0620498657227
1964 6 24 0 150.237289428711
1964 6 25 0 123.337440490723
1964 6 26 0 77.7223052978516
1964 6 27 0 121.546653747559
1964 6 28 0 134.574432373047
1964 6 29 0 142.019577026367
1964 6 30 0 111.519096374512
1964 7 1 0 157.845138549805
1964 7 2 0 111.765083312988
1964 7 3 0 126.53050994873
1964 7 4 0 145.304702758789
1964 7 5 0 113.707695007324
1964 7 6 0 120.596351623535
1964 7 7 0 101.903617858887
1964 7 8 0 121.642234802246
1964 7 9 0 97.594482421875
1964 7 10 0 90.5148620605469
1964 7 11 0 150.36506652832
1964 7 12 0 109.038612365723
1964 7 13 0 85.4179992675781
1964 7 14 0 150.061584472656
1964 7 15 0 158.815277099609
1964 7 16 0 90.8171005249023
1964 7 17 0 129.85920715332
1964 7 18 0 147.469100952148
1964 7 19 0 119.051513671875
1964 7 20 0 98.189826965332
1964 7 21 0 98.2288818359375
1964 7 22 0 96.5710525512695
1964 7 23 0 82.7294540405273
1964 7 24 0 79.26123046875
1964 7 25 0 87.0098495483398
1964 7 26 0 117.932182312012
1964 7 27 0 125.482048034668
1964 7 28 0 99.7018203735352
1964 7 29 0 97.040168762207
1964 7 30 0 134.470748901367
1964 7 31 0 118.567420959473
1964 8 1 0 109.621391296387
1964 8 2 0 125.679992675781
1964 8 3 0 108.417747497559
1964 8 4 0 101.84545135498
1964 8 5 0 138.031661987305
1964 8 6 0 129.457763671875
1964 8 7 0 86.2284622192383
1964 8 8 0 101.217475891113
1964 8 9 0 105.851829528809
1964 8 10 0 81.2194747924805
1964 8 11 0 100.498069763184
1964 8 12 0 95.196907043457
1964 8 13 0 61.4158020019531
1964 8 14 0 66.1019058227539
1964 8 15 0 82.5508651733398
1964 8 16 0 90.4710083007813
1964 8 17 0 84.3102645874023
1964 8 18 0 60.6646766662598
1964 8 19 0 62.8814964294434
1964 8 20 0 75.3174362182617
1964 8 21 0 78.2476577758789
1964 8 22 0 71.8172378540039
1964 8 23 0 81.8299026489258
1964 8 24 0 87.8208923339844
1964 8 25 0 66.3971939086914
1964 8 26 0 88.0548706054688
1964 8 27 0 74.0776596069336
1964 8 28 0 74.3551940917969
1964 8 29 0 53.8520927429199
1964 8 30 0 94.82568359375
1964 8 31 0 62.5037422180176
1964 9 1 0 74.2080764770508
1964 9 2 0 73.0288314819336
1964 9 3 0 89.2595596313477
1964 9 4 0 56.8491020202637
1964 9 5 0 61.7480430603027
1964 9 6 0 54.3044242858887
1964 9 7 0 41.1579704284668
1964 9 8 0 65.9556045532227
1964 9 9 0 63.8532104492188
1964 9 10 0 62.4389533996582
1964 9 11 0 48.2961463928223
1964 9 12 0 46.1188545227051
1964 9 13 0 75.8967590332031
1964 9 14 0 50.7071723937988
1964 9 15 0 68.8516616821289
1964 9 16 0 37.8707885742188
1964 9 17 0 40.1786499023438
1964 9 18 0 57.4607086181641
1964 9 19 0 52.2032661437988
1964 9 20 0 45.4581298828125
1964 9 21 0 32.5807571411133
1964 9 22 0 60.8277282714844
1964 9 23 0 40.8623008728027
1964 9 24 0 53.4482765197754
1964 9 25 0 57.657958984375
1964 9 26 0 36.7268218994141
1964 9 27 0 31.8505783081055
1964 9 28 0 28.0039234161377
1964 9 29 0 32.315803527832
1964 9 30 0 47.4503631591797
1964 10 1 0 46.0606346130371
1964 10 2 0 50.4691925048828
1964 10 3 0 45.3310585021973
1964 10 4 0 55.0652923583984
1964 10 5 0 54.7017936706543
1964 10 6 0 53.4441108703613
1964 10 7 0 40.2858390808105
1964 10 8 0 38.6852569580078
1964 10 9 0 29.2811737060547
1964 10 10 0 27.2032985687256
1964 10 11 0 25.3199634552002
1964 10 12 0 29.0107097625732
1964 10 13 0 18.8562526702881
1964 10 14 0 35.976448059082
1964 10 15 0 18.8198642730713
1964 10 16 0 17.5410308837891
1964 10 17 0 25.3532180786133
1964 10 18 0 20.0255470275879
1964 10 19 0 23.3956508636475
1964 10 20 0 28.3041019439697
1964 10 21 0 15.2813367843628
1964 10 22 0 14.5637712478638
1964 10 23 0 14.468300819397
1964 10 24 0 16.9883213043213
1964 10 25 0 22.0991535186768
1964 10 26 0 24.5769672393799
1964 10 27 0 24.3690166473389
1964 10 28 0 17.8934917449951
1964 10 29 0 28.3989715576172
1964 10 30 0 24.803014755249
1964 10 31 0 11.0912389755249
1964 11 1 0 12.2034797668457
1964 11 2 0 10.4058856964111
1964 11 3 0 24.7972564697266
1964 11 4 0 23.4139270782471
1964 11 5 0 10.2292470932007
1964 11 6 0 9.6738977432251
1964 11 7 0 16.3230819702148
1964 11 8 0 15.3125839233398
1964 11 9 0 11.6772689819336
1964 11 10 0 11.8103742599487
1964 11 11 0 12.1419134140015
1964 11 12 0 18.6420402526855
1964 11 13 0 7.28240633010864
1964 11 14 0 7.9482684135437
1964 11 15 0 11.3919038772583
1964 11 16 0 14.788722038269
1964 11 17 0 11.9799919128418
1964 11 18 0 7.34403085708618
1964 11 19 0 8.96993350982666
1964 11 20 0 6.94448089599609
1964 11 21 0 5.65545463562012
1964 11 22 0 9.18138122558594
1964 11 23 0 5.89306592941284
1964 11 24 0 6.11528396606445
1964 11 25 0 7.47599077224731
1964 11 26 0 12.2435874938965
1964 11 27 0 4.91041803359985
1964 11 28 0 8.59093284606934
1964 11 29 0 4.46753740310669
1964 11 30 0 4.84363126754761
1964 12 1 0 4.28349733352661
1964 12 2 0 4.24373292922974
1964 12 3 0 5.11422491073608
1964 12 4 0 3.95014500617981
1964 12 5 0 3.86613821983337
1964 12 6 0 4.26301622390747
1964 12 7 0 3.87243342399597
1964 12 8 0 3.71485114097595
1964 12 9 0 3.98172402381897
1964 12 10 0 3.54716086387634
1964 12 11 0 3.63858437538147
1964 12 12 0 3.70930099487305
1964 12 13 0 3.40705013275146
1964 12 14 0 6.79064893722534
1964 12 15 0 3.44043850898743
1964 12 16 0 8.74670696258545
1964 12 17 0 7.61272621154785
1964 12 18 0 4.47126054763794
1964 12 19 0 6.01030015945435
1964 12 20 0 3.64124488830566
1964 12 21 0 3.43154644966125
1964 12 22 0 7.28367233276367
1964 12 23 0 7.5504322052002
1964 12 24 0 4.08131742477417
1964 12 25 0 3.47351956367493
1964 12 26 0 5.81072616577148
1964 12 27 0 7.68145418167114
1964 12 28 0 7.01638841629028
1964 12 29 0 9.15296936035156
1964 12 30 0 4.80063438415527
1964 12 31 0 3.96761059761047
1965 1 1 0 3.65127825737
1965 1 2 0 3.72076535224915
1965 1 3 0 4.99488496780396
1965 1 4 0 4.44310569763184
1965 1 5 0 10.1322450637817
1965 1 6 0 10.3256187438965
1965 1 7 0 10.130747795105
1965 1 8 0 10.7844572067261
1965 1 9 0 11.0401334762573
1965 1 10 0 6.25513410568237
1965 1 11 0 10.3956727981567
1965 1 12 0 9.61865425109863
1965 1 13 0 11.953688621521
1965 1 14 0 7.79512453079224
1965 1 15 0 5.4380898475647
1965 1 16 0 8.58120822906494
1965 1 17 0 6.25842666625977
1965 1 18 0 8.17644596099854
1965 1 19 0 7.48690938949585
1965 1 20 0 7.64345026016235
1965 1 21 0 9.89895153045654
1965 1 22 0 15.606819152832
1965 1 23 0 11.8429861068726
1965 1 24 0 15.8032598495483
1965 1 25 0 10.1733121871948
1965 1 26 0 8.19701290130615
1965 1 27 0 11.2538261413574
1965 1 28 0 11.2842636108398
1965 1 29 0 8.3202486038208
1965 1 30 0 8.68086338043213
1965 1 31 0 11.0792169570923
1965 2 1 0 10.7042322158813
1965 2 2 0 8.906081199646
1965 2 3 0 14.9519701004028
1965 2 4 0 22.5686340332031
1965 2 5 0 13.4422216415405
1965 2 6 0 10.9048843383789
1965 2 7 0 16.6810779571533
1965 2 8 0 14.4517021179199
1965 2 9 0 14.034104347229
1965 2 10 0 11.7625570297241
1965 2 11 0 12.3030805587769
1965 2 12 0 13.4760084152222
1965 2 13 0 13.1530103683472
1965 2 14 0 13.3381996154785
1965 2 15 0 14.1904106140137
1965 2 16 0 14.9101781845093
1965 2 17 0 14.632438659668
1965 2 18 0 19.9649257659912
1965 2 19 0 20.8707065582275
1965 2 20 0 15.6228494644165
1965 2 21 0 23.5876178741455
1965 2 22 0 18.8298397064209
1965 2 23 0 38.3314933776855
1965 2 24 0 20.1898708343506
1965 2 25 0 19.7506141662598
1965 2 26 0 21.6266841888428
1965 2 27 0 19.9497833251953
1965 2 28 0 20.501974105835
1965 3 1 0 20.5799713134766
1965 3 2 0 21.9940395355225
1965 3 3 0 22.5121784210205
1965 3 4 0 27.2648487091064
1965 3 5 0 53.8460426330566
1965 3 6 0 45.059886932373
1965 3 7 0 47.0196189880371
1965 3 8 0 38.6593017578125
1965 3 9 0 43.1999664306641
1965 3 10 0 53.2878837585449
1965 3 11 0 37.9342575073242
1965 3 12 0 52.0081825256348
1965 3 13 0 61.6196327209473
1965 3 14 0 63.8186988830566
1965 3 15 0 63.1855621337891
1965 3 16 0 60.0748558044434
1965 3 17 0 38.3760452270508
1965 3 18 0 71.3394927978516
1965 3 19 0 46.897144317627
1965 3 20 0 34.9485397338867
1965 3 21 0 47.9805335998535
1965 3 22 0 34.9377784729004
1965 3 23 0 35.0496101379395
1965 3 24 0 34.4825859069824
1965 3 25 0 37.0017242431641
1965 3 26 0 36.5318870544434
1965 3 27 0 36.6985130310059
1965 3 28 0 38.6113586425781
1965 3 29 0 37.6366233825684
1965 3 30 0 38.5668296813965
1965 3 31 0 39.2451820373535
1965 4 1 0 68.510612487793
1965 4 2 0 92.6281127929688
1965 4 3 0 95.4505996704102
1965 4 4 0 94.1129455566406
1965 4 5 0 98.4533157348633
1965 4 6 0 93.9972152709961
1965 4 7 0 87.5762405395508
1965 4 8 0 70.8280868530273
1965 4 9 0 57.759334564209
1965 4 10 0 58.8552856445313
1965 4 11 0 95.0069961547852
1965 4 12 0 63.9611358642578
1965 4 13 0 51.6424903869629
1965 4 14 0 76.959831237793
1965 4 15 0 98.2305908203125
1965 4 16 0 71.0283355712891
1965 4 17 0 60.6177406311035
1965 4 18 0 95.1010437011719
1965 4 19 0 97.791389465332
1965 4 20 0 120.594421386719
1965 4 21 0 113.244110107422
1965 4 22 0 122.656318664551
1965 4 23 0 64.8954086303711
1965 4 24 0 56.8359832763672
1965 4 25 0 112.647766113281
1965 4 26 0 124.571388244629
1965 4 27 0 80.4895172119141
1965 4 28 0 67.0616073608398
1965 4 29 0 71.8198699951172
1965 4 30 0 103.655540466309
1965 5 1 0 68.8318786621094
1965 5 2 0 114.245780944824
1965 5 3 0 115.204261779785
1965 5 4 0 74.8454971313477
1965 5 5 0 72.6141357421875
1965 5 6 0 92.1887741088867
1965 5 7 0 131.596282958984
1965 5 8 0 77.6284866333008
1965 5 9 0 139.662155151367
1965 5 10 0 118.846588134766
1965 5 11 0 125.740203857422
1965 5 12 0 71.2413711547852
1965 5 13 0 115.419364929199
1965 5 14 0 72.4160308837891
1965 5 15 0 146.064163208008
1965 5 16 0 149.911117553711
1965 5 17 0 125.37606048584
1965 5 18 0 147.641235351563
1965 5 19 0 154.480331420898
1965 5 20 0 152.742965698242
1965 5 21 0 155.863189697266
1965 5 22 0 157.492599487305
1965 5 23 0 156.829940795898
1965 5 24 0 154.051361083984
1965 5 25 0 141.542984008789
1965 5 26 0 160.152313232422
1965 5 27 0 127.646751403809
1965 5 28 0 119.786430358887
1965 5 29 0 160.355697631836
1965 5 30 0 146.118179321289
1965 5 31 0 120.974212646484
1965 6 1 0 120.470542907715
1965 6 2 0 122.720031738281
1965 6 3 0 90.801887512207
1965 6 4 0 128.533065795898
1965 6 5 0 133.055847167969
1965 6 6 0 119.778686523438
1965 6 7 0 164.649978637695
1965 6 8 0 86.0771789550781
1965 6 9 0 101.539039611816
1965 6 10 0 161.275497436523
1965 6 11 0 138.587112426758
1965 6 12 0 117.485786437988
1965 6 13 0 156.770767211914
1965 6 14 0 165.196212768555
1965 6 15 0 169.233596801758
1965 6 16 0 123.750389099121
1965 6 17 0 128.813552856445
1965 6 18 0 156.662979125977
1965 6 19 0 147.155242919922
1965 6 20 0 125.749885559082
1965 6 21 0 116.046043395996
1965 6 22 0 105.476127624512
1965 6 23 0 83.0620498657227
1965 6 24 0 150.237289428711
1965 6 25 0 123.337440490723
1965 6 26 0 77.7223052978516
1965 6 27 0 121.546653747559
1965 6 28 0 134.574432373047
1965 6 29 0 142.019577026367
1965 6 30 0 111.519096374512
1965 7 1 0 157.845138549805
1965 7 2 0 111.765083312988
1965 7 3 0 126.53050994873
1965 7 4 0 145.304702758789
1965 7 5 0 113.707695007324
1965 7 6 0 120.596351623535
1965 7 7 0 101.903617858887
1965 7 8 0 121.642234802246
1965 7 9 0 97.594482421875
1965 7 10 0 90.5148620605469
1965 7 11 0 150.36506652832
1965 7 12 0 109.038612365723
1965 7 13 0 85.4179992675781
1965 7 14 0 150.061584472656
1965 7 15 0 158.815277099609
1965 7 16 0 90.8171005249023
1965 7 17 0 129.85920715332
1965 7 18 0 147.469100952148
1965 7 19 0 119.051513671875
1965 7 20 0 98.189826965332
1965 7 21 0 98.2288818359375
1965 7 22 0 96.5710525512695
1965 7 23 0 82.7294540405273
1965 7 24 0 79.26123046875
1965 7 25 0 87.0098495483398
1965 7 26 0 117.932182312012
1965 7 27 0 125.482048034668
1965 7 28 0 99.7018203735352
1965 7 29 0 97.040168762207
1965 7 30 0 134.470748901367
1965 7 31 0 118.567420959473
1965 8 1 0 109.621391296387
1965 8 2 0 125.679992675781
1965 8 3 0 108.417747497559
1965 8 4 0 101.84545135498
1965 8 5 0 138.031661987305
1965 8 6 0 129.457763671875
1965 8 7 0 86.2284622192383
1965 8 8 0 101.217475891113
1965 8 9 0 105.851829528809
1965 8 10 0 81.2194747924805
1965 8 11 0 100.498069763184
1965 8 12 0 95.196907043457
1965 8 13 0 61.4158020019531
1965 8 14 0 66.1019058227539
1965 8 15 0 82.5508651733398
1965 8 16 0 90.4710083007813
1965 8 17 0 84.3102645874023
1965 8 18 0 60.6646766662598
1965 8 19 0 62.8814964294434
1965 8 20 0 75.3174362182617
1965 8 21 0 78.2476577758789
1965 8 22 0 71.8172378540039
1965 8 23 0 81.8299026489258
1965 8 24 0 87.8208923339844
1965 8 25 0 66.3971939086914
1965 8 26 0 88.0548706054688
1965 8 27 0 74.0776596069336
1965 8 28 0 74.3551940917969
1965 8 29 0 53.8520927429199
1965 8 30 0 94.82568359375
1965 8 31 0 62.5037422180176
1965 9 1 0 74.2080764770508
1965 9 2 0 73.0288314819336
1965 9 3 0 89.2595596313477
1965 9 4 0 56.8491020202637
1965 9 5 0 61.7480430603027
1965 9 6 0 54.3044242858887
1965 9 7 0 41.1579704284668
1965 9 8 0 65.9556045532227
1965 9 9 0 63.8532104492188
1965 9 10 0 62.4389533996582
1965 9 11 0 48.2961463928223
1965 9 12 0 46.1188545227051
1965 9 13 0 75.8967590332031
1965 9 14 0 50.7071723937988
1965 9 15 0 68.8516616821289
1965 9 16 0 37.8707885742188
1965 9 17 0 40.1786499023438
1965 9 18 0 57.4607086181641
1965 9 19 0 52.2032661437988
1965 9 20 0 45.4581298828125
1965 9 21 0 32.5807571411133
1965 9 22 0 60.8277282714844
1965 9 23 0 40.8623008728027
1965 9 24 0 53.4482765197754
1965 9 25 0 57.657958984375
1965 9 26 0 36.7268218994141
1965 9 27 0 31.8505783081055
1965 9 28 0 28.0039234161377
1965 9 29 0 32.315803527832
1965 9 30 0 47.4503631591797
1965 10 1 0 46.0606346130371
1965 10 2 0 50.4691925048828
1965 10 3 0 45.3310585021973
1965 10 4 0 55.0652923583984
1965 10 5 0 54.7017936706543
1965 10 6 0 53.4441108703613
1965 10 7 0 40.2858390808105
1965 10 8 0 38.6852569580078
1965 10 9 0 29.2811737060547
1965 10 10 0 27.2032985687256
1965 10 11 0 25.3199634552002
1965 10 12 0 29.0107097625732
1965 10 13 0 18.8562526702881
1965 10 14 0 35.976448059082
1965 10 15 0 18.8198642730713
1965 10 16 0 17.5410308837891
1965 10 17 0 25.3532180786133
1965 10 18 0 20.0255470275879
1965 10 19 0 23.3956508636475
1965 10 20 0 28.3041019439697
1965 10 21 0 15.2813367843628
1965 10 22 0 14.5637712478638
1965 10 23 0 14.468300819397
1965 10 24 0 16.9883213043213
1965 10 25 0 22.0991535186768
1965 10 26 0 24.5769672393799
1965 10 27 0 24.3690166473389
1965 10 28 0 17.8934917449951
1965 10 29 0 28.3989715576172
1965 10 30 0 24.803014755249
1965 10 31 0 11.0912389755249
1965 11 1 0 12.2034797668457
1965 11 2 0 10.4058856964111
1965 11 3 0 24.7972564697266
1965 11 4 0 23.4139270782471
1965 11 5 0 10.2292470932007
1965 11 6 0 9.6738977432251
1965 11 7 0 16.3230819702148
1965 11 8 0 15.3125839233398
1965 11 9 0 11.6772689819336
1965 11 10 0 11.8103742599487
1965 11 11 0 12.1419134140015
1965 11 12 0 18.6420402526855
1965 11 13 0 7.28240633010864
1965 11 14 0 7.9482684135437
1965 11 15 0 11.3919038772583
1965 11 16 0 14.788722038269
1965 11 17 0 11.9799919128418
1965 11 18 0 7.34403085708618
1965 11 19 0 8.96993350982666
1965 11 20 0 6.94448089599609
1965 11 21 0 5.65545463562012
1965 11 22 0 9.18138122558594
1965 11 23 0 5.89306592941284
1965 11 24 0 6.11528396606445
1965 11 25 0 7.47599077224731
1965 11 26 0 12.2435874938965
1965 11 27 0 4.91041803359985
1965 11 28 0 8.59093284606934
1965 11 29 0 4.46753740310669
1965 11 30 0 4.84363126754761
1965 12 1 0 4.28349733352661
1965 12 2 0 4.24373292922974
1965 12 3 0 5.11422491073608
1965 12 4 0 3.95014500617981
1965 12 5 0 3.86613821983337
1965 12 6 0 4.26301622390747
1965 12 7 0 3.87243342399597
1965 12 8 0 3.71485114097595
1965 12 9 0 3.98172402381897
1965 12 10 0 3.54716086387634
1965 12 11 0 3.63858437538147
1965 12 12 0 3.70930099487305
1965 12 13 0 3.40705013275146
1965 12 14 0 6.79064893722534
1965 12 15 0 3.44043850898743
1965 12 16 0 8.74670696258545
1965 12 17 0 7.61272621154785
1965 12 18 0 4.47126054763794
1965 12 19 0 6.01030015945435
1965 12 20 0 3.64124488830566
1965 12 21 0 3.43154644966125
1965 12 22 0 7.28367233276367
1965 12 23 0 7.5504322052002
1965 12 24 0 4.08131742477417
1965 12 25 0 3.47351956367493
1965 12 26 0 5.81072616577148
1965 12 27 0 7.68145418167114
1965 12 28 0 7.01638841629028
1965 12 29 0 9.15296936035156
1965 12 30 0 4.80063438415527
1965 12 31 0 3.96761059761047
1966 1 1 0 3.65127825737
1966 1 2 0 3.72076535224915
1966 1 3 0 4.99488496780396
1966 1 4 0 4.44310569763184
1966 1 5 0 10.1322450637817
1966 1 6 0 10.3256187438965
1966 1 7 0 10.130747795105
1966 1 8 0 10.7844572067261
1966 1 9 0 11.0401334762573
1966 1 10 0 6.25513410568237
1966 1 11 0 10.3956727981567
1966 1 12 0 9.61865425109863
1966 1 13 0 11.953688621521
1966 1 14 0 7.79512453079224
1966 1 15 0 5.4380898475647
1966 1 16 0 8.58120822906494
1966 1 17 0 6.25842666625977
1966 1 18 0 8.17644596099854
1966 1 19 0 7.48690938949585
1966 1 20 0 7.64345026016235
1966 1 21 0 9.89895153045654
1966 1 22 0 15.606819152832
1966 1 23 0 11.8429861068726
1966 1 24 0 15.8032598495483
1966 1 25 0 10.1733121871948
1966 1 26 0 8.19701290130615
1966 1 27 0 11.2538261413574
1966 1 28 0 11.2842636108398
1966 1 29 0 8.3202486038208
1966 1 30 0 8.68086338043213
1966 1 31 0 11.0792169570923
1966 2 1 0 10.7042322158813
1966 2 2 0 8.906081199646
1966 2 3 0 14.9519701004028
1966 2 4 0 22.5686340332031
1966 2 5 0 13.4422216415405
1966 2 6 0 10.9048843383789
1966 2 7 0 16.6810779571533
1966 2 8 0 14.4517021179199
1966 2 9 0 14.034104347229
1966 2 10 0 11.7625570297241
1966 2 11 0 12.3030805587769
1966 2 12 0 13.4760084152222
1966 2 13 0 13.1530103683472
1966 2 14 0 13.3381996154785
1966 2 15 0 14.1904106140137
1966 2 16 0 14.9101781845093
1966 2 17 0 14.632438659668
1966 2 18 0 19.9649257659912
1966 2 19 0 20.8707065582275
1966 2 20 0 15.6228494644165
1966 2 21 0 23.5876178741455
1966 2 22 0 18.8298397064209
1966 2 23 0 38.3314933776855
1966 2 24 0 20.1898708343506
1966 2 25 0 19.7506141662598
1966 2 26 0 21.6266841888428
1966 2 27 0 19.9497833251953
1966 2 28 0 20.501974105835
1966 3 1 0 20.5799713134766
1966 3 2 0 21.9940395355225
1966 3 3 0 22.5121784210205
1966 3 4 0 27.2648487091064
1966 3 5 0 53.8460426330566
1966 3 6 0 45.059886932373
1966 3 7 0 47.0196189880371
1966 3 8 0 38.6593017578125
1966 3 9 0 43.1999664306641
1966 3 10 0 53.2878837585449
1966 3 11 0 37.9342575073242
1966 3 12 0 52.0081825256348
1966 3 13 0 61.6196327209473
1966 3 14 0 63.8186988830566
1966 3 15 0 63.1855621337891
1966 3 16 0 60.0748558044434
1966 3 17 0 38.3760452270508
1966 3 18 0 71.3394927978516
1966 3 19 0 46.897144317627
1966 3 20 0 34.9485397338867
1966 3 21 0 47.9805335998535
1966 3 22 0 34.9377784729004
1966 3 23 0 35.0496101379395
1966 3 24 0 34.4825859069824
1966 3 25 0 37.0017242431641
1966 3 26 0 36.5318870544434
1966 3 27 0 36.6985130310059
1966 3 28 0 38.6113586425781
1966 3 29 0 37.6366233825684
1966 3 30 0 38.5668296813965
1966 3 31 0 39.2451820373535
1966 4 1 0 68.510612487793
1966 4 2 0 92.6281127929688
1966 4 3 0 95.4505996704102
1966 4 4 0 94.1129455566406
1966 4 5 0 98.4533157348633
1966 4 6 0 93.9972152709961
1966 4 7 0 87.5762405395508
1966 4 8 0 70.8280868530273
1966 4 9 0 57.759334564209
1966 4 10 0 58.8552856445313
1966 4 11 0 95.0069961547852
1966 4 12 0 63.9611358642578
1966 4 13 0 51.6424903869629
1966 4 14 0 76.959831237793
1966 4 15 0 98.2305908203125
1966 4 16 0 71.0283355712891
1966 4 17 0 60.6177406311035
1966 4 18 0 95.1010437011719
1966 4 19 0 97.791389465332
1966 4 20 0 120.594421386719
1966 4 21 0 113.244110107422
1966 4 22 0 122.656318664551
1966 4 23 0 64.8954086303711
1966 4 24 0 56.8359832763672
1966 4 25 0 112.647766113281
1966 4 26 0 124.571388244629
1966 4 27 0 80.4895172119141
1966 4 28 0 67.0616073608398
1966 4 29 0 71.8198699951172
1966 4 30 0 103.655540466309
1966 5 1 0 68.8318786621094
1966 5 2 0 114.245780944824
1966 5 3 0 115.204261779785
1966 5 4 0 74.8454971313477
1966 5 5 0 72.6141357421875
1966 5 6 0 92.1887741088867
1966 5 7 0 131.596282958984
1966 5 8 0 77.6284866333008
1966 5 9 0 139.662155151367
1966 5 10 0 118.846588134766
1966 5 11 0 125.740203857422
1966 5 12 0 71.2413711547852
1966 5 13 0 115.419364929199
1966 5 14 0 72.4160308837891
1966 5 15 0 146.064163208008
1966 5 16 0 149.911117553711
1966 5 17 0 125.37606048584
1966 5 18 0 147.641235351563
1966 5 19 0 154.480331420898
1966 5 20 0 152.742965698242
1966 5 21 0 155.863189697266
1966 5 22 0 157.492599487305
1966 5 23 0 156.829940795898
1966 5 24 0 154.051361083984
1966 5 25 0 141.542984008789
1966 5 26 0 160.152313232422
1966 5 27 0 127.646751403809
1966 5 28 0 119.786430358887
1966 5 29 0 160.355697631836
1966 5 30 0 146.118179321289
1966 5 31 0 120.974212646484
1966 6 1 0 120.470542907715
1966 6 2 0 122.720031738281
1966 6 3 0 90.801887512207
1966 6 4 0 128.533065795898
1966 6 5 0 133.055847167969
1966 6 6 0 119.778686523438
1966 6 7 0 164.649978637695
1966 6 8 0 86.0771789550781
1966 6 9 0 101.539039611816
1966 6 10 0 161.275497436523
1966 6 11 0 138.587112426758
1966 6 12 0 117.485786437988
1966 6 13 0 156.770767211914
1966 6 14 0 165.196212768555
1966 6 15 0 169.233596801758
1966 6 16 0 123.750389099121
1966 6 17 0 128.813552856445
1966 6 18 0 156.662979125977
1966 6 19 0 147.155242919922
1966 6 20 0 125.749885559082
1966 6 21 0 116.046043395996
1966 6 22 0 105.476127624512
1966 6 23 0 83.0620498657227
1966 6 24 0 150.237289428711
1966 6 25 0 123.337440490723
1966 6 26 0 77.7223052978516
1966 6 27 0 121.546653747559
1966 6 28 0 134.574432373047
1966 6 29 0 142.019577026367
1966 6 30 0 111.519096374512
1966 7 1 0 157.845138549805
1966 7 2 0 111.765083312988
1966 7 3 0 126.53050994873
1966 7 4 0 145.304702758789
1966 7 5 0 113.707695007324
1966 7 6 0 120.596351623535
1966 7 7 0 101.903617858887
1966 7 8 0 121.642234802246
1966 7 9 0 97.594482421875
1966 7 10 0 90.5148620605469
1966 7 11 0 150.36506652832
1966 7 12 0 109.038612365723
1966 7 13 0 85.4179992675781
1966 7 14 0 150.061584472656
1966 7 15 0 158.815277099609
1966 7 16 0 90.8171005249023
1966 7 17 0 129.85920715332
1966 7 18 0 147.469100952148
1966 7 19 0 119.051513671875
1966 7 20 0 98.189826965332
1966 7 21 0 98.2288818359375
1966 7 22 0 96.5710525512695
1966 7 23 0 82.7294540405273
1966 7 24 0 79.26123046875
1966 7 25 0 87.0098495483398
1966 7 26 0 117.932182312012
1966 7 27 0 125.482048034668
1966 7 28 0 99.7018203735352
1966 7 29 0 97.040168762207
1966 7 30 0 134.470748901367
1966 7 31 0 118.567420959473
1966 8 1 0 109.621391296387
1966 8 2 0 125.679992675781
1966 8 3 0 108.417747497559
1966 8 4 0 101.84545135498
1966 8 5 0 138.031661987305
1966 8 6 0 129.457763671875
1966 8 7 0 86.2284622192383
1966 8 8 0 101.217475891113
1966 8 9 0 105.851829528809
1966 8 10 0 81.2194747924805
1966 8 11 0 100.498069763184
1966 8 12 0 95.196907043457
1966 8 13 0 61.4158020019531
1966 8 14 0 66.1019058227539
1966 8 15 0 82.5508651733398
1966 8 16 0 90.4710083007813
1966 8 17 0 84.3102645874023
1966 8 18 0 60.6646766662598
1966 8 19 0 62.8814964294434
1966 8 20 0 75.3174362182617
1966 8 21 0 78.2476577758789
1966 8 22 0 71.8172378540039
1966 8 23 0 81.8299026489258
1966 8 24 0 87.8208923339844
1966 8 25 0 66.3971939086914
1966 8 26 0 88.0548706054688
1966 8 27 0 74.0776596069336
1966 8 28 0 74.3551940917969
1966 8 29 0 53.8520927429199
1966 8 30 0 94.82568359375
1966 8 31 0 62.5037422180176
1966 9 1 0 74.2080764770508
1966 9 2 0 73.0288314819336
1966 9 3 0 89.2595596313477
1966 9 4 0 56.8491020202637
1966 9 5 0 61.7480430603027
1966 9 6 0 54.3044242858887
1966 9 7 0 41.1579704284668
1966 9 8 0 65.9556045532227
1966 9 9 0 63.8532104492188
1966 9 10 0 62.4389533996582
1966 9 11 0 48.2961463928223
1966 9 12 0 46.1188545227051
1966 9 13 0 75.8967590332031
1966 9 14 0 50.7071723937988
1966 9 15 0 68.8516616821289
1966 9 16 0 37.8707885742188
1966 9 17 0 40.1786499023438
1966 9 18 0 57.4607086181641
1966 9 19 0 52.2032661437988
1966 9 20 0 45.4581298828125
1966 9 21 0 32.5807571411133
1966 9 22 0 60.8277282714844
1966 9 23 0 40.8623008728027
1966 9 24 0 53.4482765197754
1966 9 25 0 57.657958984375
1966 9 26 0 36.7268218994141
1966 9 27 0 31.8505783081055
1966 9 28 0 28.0039234161377
1966 9 29 0 32.315803527832
1966 9 30 0 47.4503631591797
1966 10 1 0 46.0606346130371
1966 10 2 0 50.4691925048828
1966 10 3 0 45.3310585021973
1966 10 4 0 55.0652923583984
1966 10 5 0 54.7017936706543
1966 10 6 0 53.4441108703613
1966 10 7 0 40.2858390808105
1966 10 8 0 38.6852569580078
1966 10 9 0 29.2811737060547
1966 10 10 0 27.2032985687256
1966 10 11 0 25.3199634552002
1966 10 12 0 29.0107097625732
1966 10 13 0 18.8562526702881
1966 10 14 0 35.976448059082
1966 10 15 0 18.8198642730713
1966 10 16 0 17.5410308837891
1966 10 17 0 25.3532180786133
1966 10 18 0 20.0255470275879
1966 10 19 0 23.3956508636475
1966 10 20 0 28.3041019439697
1966 10 21 0 15.2813367843628
1966 10 22 0 14.5637712478638
1966 10 23 0 14.468300819397
1966 10 24 0 16.9883213043213
1966 10 25 0 22.0991535186768
1966 10 26 0 24.5769672393799
1966 10 27 0 24.3690166473389
1966 10 28 0 17.8934917449951
1966 10 29 0 28.3989715576172
1966 10 30 0 24.803014755249
1966 10 31 0 11.0912389755249
1966 11 1 0 12.2034797668457
1966 11 2 0 10.4058856964111
1966 11 3 0 24.7972564697266
1966 11 4 0 23.4139270782471
1966 11 5 0 10.2292470932007
1966 11 6 0 9.6738977432251
1966 11 7 0 16.3230819702148
1966 11 8 0 15.3125839233398
1966 11 9 0 11.6772689819336
1966 11 10 0 11.8103742599487
1966 11 11 0 12.1419134140015
1966 11 12 0 18.6420402526855
1966 11 13 0 7.28240633010864
1966 11 14 0 7.9482684135437
1966 11 15 0 11.3919038772583
1966 11 16 0 14.788722038269
1966 11 17 0 11.9799919128418
1966 11 18 0 7.34403085708618
1966 11 19 0 8.96993350982666
1966 11 20 0 6.94448089599609
1966 11 21 0 5.65545463562012
1966 11 22 0 9.18138122558594
1966 11 23 0 5.89306592941284
1966 11 24 0 6.11528396606445
1966 11 25 0 7.47599077224731
1966 11 26 0 12.2435874938965
1966 11 27 0 4.91041803359985
1966 11 28 0 8.59093284606934
1966 11 29 0 4.46753740310669
1966 11 30 0 4.84363126754761
1966 12 1 0 4.28349733352661
1966 12 2 0 4.24373292922974
1966 12 3 0 5.11422491073608
1966 12 4 0 3.95014500617981
1966 12 5 0 3.86613821983337
1966 12 6 0 4.26301622390747
1966 12 7 0 3.87243342399597
1966 12 8 0 3.71485114097595
1966 12 9 0 3.98172402381897
1966 12 10 0 3.54716086387634
1966 12 11 0 3.63858437538147
1966 12 12 0 3.70930099487305
1966 12 13 0 3.40705013275146
1966 12 14 0 6.79064893722534
1966 12 15 0 3.44043850898743
1966 12 16 0 8.74670696258545
1966 12 17 0 7.61272621154785
1966 12 18 0 4.47126054763794
1966 12 19 0 6.01030015945435
1966 12 20 0 3.64124488830566
1966 12 21 0 3.43154644966125
1966 12 22 0 7.28367233276367
1966 12 23 0 7.5504322052002
1966 12 24 0 4.08131742477417
1966 12 25 0 3.47351956367493
1966 12 26 0 5.81072616577148
1966 12 27 0 7.68145418167114
1966 12 28 0 7.01638841629028
1966 12 29 0 9.15296936035156
1966 12 30 0 4.80063438415527
1966 12 31 0 3.96761059761047
1967 1 1 0 3.65127825737
1967 1 2 0 3.72076535224915
1967 1 3 0 4.99488496780396
1967 1 4 0 4.44310569763184
1967 1 5 0 10.1322450637817
1967 1 6 0 10.3256187438965
1967 1 7 0 10.130747795105
1967 1 8 0 10.7844572067261
1967 1 9 0 11.0401334762573
1967 1 10 0 6.25513410568237
1967 1 11 0 10.3956727981567
1967 1 12 0 9.61865425109863
1967 1 13 0 11.953688621521
1967 1 14 0 7.79512453079224
1967 1 15 0 5.4380898475647
1967 1 16 0 8.58120822906494
1967 1 17 0 6.25842666625977
1967 1 18 0 8.17644596099854
1967 1 19 0 7.48690938949585
1967 1 20 0 7.64345026016235
1967 1 21 0 9.89895153045654
1967 1 22 0 15.606819152832
1967 1 23 0 11.8429861068726
1967 1 24 0 15.8032598495483
1967 1 25 0 10.1733121871948
1967 1 26 0 8.19701290130615
1967 1 27 0 11.2538261413574
1967 1 28 0 11.2842636108398
1967 1 29 0 8.3202486038208
1967 1 30 0 8.68086338043213
1967 1 31 0 11.0792169570923
1967 2 1 0 10.7042322158813
1967 2 2 0 8.906081199646
1967 2 3 0 14.9519701004028
1967 2 4 0 22.5686340332031
1967 2 5 0 13.4422216415405
1967 2 6 0 10.9048843383789
1967 2 7 0 16.6810779571533
1967 2 8 0 14.4517021179199
1967 2 9 0 14.034104347229
1967 2 10 0 11.7625570297241
1967 2 11 0 12.3030805587769
1967 2 12 0 13.4760084152222
1967 2 13 0 13.1530103683472
1967 2 14 0 13.3381996154785
1967 2 15 0 14.1904106140137
1967 2 16 0 14.9101781845093
1967 2 17 0 14.632438659668
1967 2 18 0 19.9649257659912
1967 2 19 0 20.8707065582275
1967 2 20 0 15.6228494644165
1967 2 21 0 23.5876178741455
1967 2 22 0 18.8298397064209
1967 2 23 0 38.3314933776855
1967 2 24 0 20.1898708343506
1967 2 25 0 19.7506141662598
1967 2 26 0 21.6266841888428
1967 2 27 0 19.9497833251953
1967 2 28 0 20.501974105835
1967 3 1 0 20.5799713134766
1967 3 2 0 21.9940395355225
1967 3 3 0 22.5121784210205
1967 3 4 0 27.2648487091064
1967 3 5 0 53.8460426330566
1967 3 6 0 45.059886932373
1967 3 7 0 47.0196189880371
1967 3 8 0 38.6593017578125
1967 3 9 0 43.1999664306641
1967 3 10 0 53.2878837585449
1967 3 11 0 37.9342575073242
1967 3 12 0 52.0081825256348
1967 3 13 0 61.6196327209473
1967 3 14 0 63.8186988830566
1967 3 15 0 63.1855621337891
1967 3 16 0 60.0748558044434
1967 3 17 0 38.3760452270508
1967 3 18 0 71.3394927978516
1967 3 19 0 46.897144317627
1967 3 20 0 34.9485397338867
1967 3 21 0 47.9805335998535
1967 3 22 0 34.9377784729004
1967 3 23 0 35.0496101379395
1967 3 24 0 34.4825859069824
1967 3 25 0 37.0017242431641
1967 3 26 0 36.5318870544434
1967 3 27 0 36.6985130310059
1967 3 28 0 38.6113586425781
1967 3 29 0 37.6366233825684
1967 3 30 0 38.5668296813965
1967 3 31 0 39.2451820373535
1967 4 1 0 68.510612487793
1967 4 2 0 92.6281127929688
1967 4 3 0 95.4505996704102
1967 4 4 0 94.1129455566406
1967 4 5 0 98.4533157348633
1967 4 6 0 93.9972152709961
1967 4 7 0 87.5762405395508
1967 4 8 0 70.8280868530273
1967 4 9 0 57.759334564209
1967 4 10 0 58.8552856445313
1967 4 11 0 95.0069961547852
1967 4 12 0 63.9611358642578
1967 4 13 0 51.6424903869629
1967 4 14 0 76.959831237793
1967 4 15 0 98.2305908203125
1967 4 16 0 71.0283355712891
1967 4 17 0 60.6177406311035
1967 4 18 0 95.1010437011719
1967 4 19 0 97.791389465332
1967 4 20 0 120.594421386719
1967 4 21 0 113.244110107422
1967 4 22 0 122.656318664551
1967 4 23 0 64.8954086303711
1967 4 24 0 56.8359832763672
1967 4 25 0 112.647766113281
1967 4 26 0 124.571388244629
1967 4 27 0 80.4895172119141
1967 4 28 0 67.0616073608398
1967 4 29 0 71.8198699951172
1967 4 30 0 103.655540466309
1967 5 1 0 68.8318786621094
1967 5 2 0 114.245780944824
1967 5 3 0 115.204261779785
1967 5 4 0 74.8454971313477
1967 5 5 0 72.6141357421875
1967 5 6 0 92.1887741088867
1967 5 7 0 131.596282958984
1967 5 8 0 77.6284866333008
1967 5 9 0 139.662155151367
1967 5 10 0 118.846588134766
1967 5 11 0 125.740203857422
1967 5 12 0 71.2413711547852
1967 5 13 0 115.419364929199
1967 5 14 0 72.4160308837891
1967 5 15 0 146.064163208008
1967 5 16 0 149.911117553711
1967 5 17 0 125.37606048584
1967 5 18 0 147.641235351563
1967 5 19 0 154.480331420898
1967 5 20 0 152.742965698242
1967 5 21 0 155.863189697266
1967 5 22 0 157.492599487305
1967 5 23 0 156.829940795898
1967 5 24 0 154.051361083984
1967 5 25 0 141.542984008789
1967 5 26 0 160.152313232422
1967 5 27 0 127.646751403809
1967 5 28 0 119.786430358887
1967 5 29 0 160.355697631836
1967 5 30 0 146.118179321289
1967 5 31 0 120.974212646484
1967 6 1 0 120.470542907715
1967 6 2 0 122.720031738281
1967 6 3 0 90.801887512207
1967 6 4 0 128.533065795898
1967 6 5 0 133.055847167969
1967 6 6 0 119.778686523438
1967 6 7 0 164.649978637695
1967 6 8 0 86.0771789550781
1967 6 9 0 101.539039611816
1967 6 10 0 161.275497436523
1967 6 11 0 138.587112426758
1967 6 12 0 117.485786437988
1967 6 13 0 156.770767211914
1967 6 14 0 165.196212768555
1967 6 15 0 169.233596801758
1967 6 16 0 123.750389099121
1967 6 17 0 128.813552856445
1967 6 18 0 156.662979125977
1967 6 19 0 147.155242919922
1967 6 20 0 125.749885559082
1967 6 21 0 116.046043395996
1967 6 22 0 105.476127624512
1967 6 23 0 83.0620498657227
1967 6 24 0 150.237289428711
1967 6 25 0 123.337440490723
1967 6 26 0 77.7223052978516
1967 6 27 0 121.546653747559
1967 6 28 0 134.574432373047
1967 6 29 0 142.019577026367
1967 6 30 0 111.519096374512
1967 7 1 0 157.845138549805
1967 7 2 0 111.765083312988
1967 7 3 0 126.53050994873
1967 7 4 0 145.304702758789
1967 7 5 0 113.707695007324
1967 7 6 0 120.596351623535
1967 7 7 0 101.903617858887
1967 7 8 0 121.642234802246
1967 7 9 0 97.594482421875
1967 7 10 0 90.5148620605469
1967 7 11 0 150.36506652832
1967 7 12 0 109.038612365723
1967 7 13 0 85.4179992675781
1967 7 14 0 150.061584472656
1967 7 15 0 158.815277099609
1967 7 16 0 90.8171005249023
1967 7 17 0 129.85920715332
1967 7 18 0 147.469100952148
1967 7 19 0 119.051513671875
1967 7 20 0 98.189826965332
1967 7 21 0 98.2288818359375
1967 7 22 0 96.5710525512695
1967 7 23 0 82.7294540405273
1967 7 24 0 79.26123046875
1967 7 25 0 87.0098495483398
1967 7 26 0 117.932182312012
1967 7 27 0 125.482048034668
1967 7 28 0 99.7018203735352
1967 7 29 0 97.040168762207
1967 7 30 0 134.470748901367
1967 7 31 0 118.567420959473
1967 8 1 0 109.621391296387
1967 8 2 0 125.679992675781
1967 8 3 0 108.417747497559
1967 8 4 0 101.84545135498
1967 8 5 0 138.031661987305
1967 8 6 0 129.457763671875
1967 8 7 0 86.2284622192383
1967 8 8 0 101.217475891113
1967 8 9 0 105.851829528809
1967 8 10 0 81.2194747924805
1967 8 11 0 100.498069763184
1967 8 12 0 95.196907043457
1967 8 13 0 61.4158020019531
1967 8 14 0 66.1019058227539
1967 8 15 0 82.5508651733398
1967 8 16 0 90.4710083007813
1967 8 17 0 84.3102645874023
1967 8 18 0 60.6646766662598
1967 8 19 0 62.8814964294434
1967 8 20 0 75.3174362182617
1967 8 21 0 78.2476577758789
1967 8 22 0 71.8172378540039
1967 8 23 0 81.8299026489258
1967 8 24 0 87.8208923339844
1967 8 25 0 66.3971939086914
1967 8 26 0 88.0548706054688
1967 8 27 0 74.0776596069336
1967 8 28 0 74.3551940917969
1967 8 29 0 53.8520927429199
1967 8 30 0 94.82568359375
1967 8 31 0 62.5037422180176
1967 9 1 0 74.2080764770508
1967 9 2 0 73.0288314819336
1967 9 3 0 89.2595596313477
1967 9 4 0 56.8491020202637
1967 9 5 0 61.7480430603027
1967 9 6 0 54.3044242858887
1967 9 7 0 41.1579704284668
1967 9 8 0 65.9556045532227
1967 9 9 0 63.8532104492188
1967 9 10 0 62.4389533996582
1967 9 11 0 48.2961463928223
1967 9 12 0 46.1188545227051
1967 9 13 0 75.8967590332031
1967 9 14 0 50.7071723937988
1967 9 15 0 68.8516616821289
1967 9 16 0 37.8707885742188
1967 9 17 0 40.1786499023438
1967 9 18 0 57.4607086181641
1967 9 19 0 52.2032661437988
1967 9 20 0 45.4581298828125
1967 9 21 0 32.5807571411133
1967 9 22 0 60.8277282714844
1967 9 23 0 40.8623008728027
1967 9 24 0 53.4482765197754
1967 9 25 0 57.657958984375
1967 9 26 0 36.7268218994141
1967 9 27 0 31.8505783081055
1967 9 28 0 28.0039234161377
1967 9 29 0 32.315803527832
1967 9 30 0 47.4503631591797
1967 10 1 0 46.0606346130371
1967 10 2 0 50.4691925048828
1967 10 3 0 45.3310585021973
1967 10 4 0 55.0652923583984
1967 10 5 0 54.7017936706543
1967 10 6 0 53.4441108703613
1967 10 7 0 40.2858390808105
1967 10 8 0 38.6852569580078
1967 10 9 0 29.2811737060547
1967 10 10 0 27.2032985687256
1967 10 11 0 25.3199634552002
1967 10 12 0 29.0107097625732
1967 10 13 0 18.8562526702881
1967 10 14 0 35.976448059082
1967 10 15 0 18.8198642730713
1967 10 16 0 17.5410308837891
1967 10 17 0 25.3532180786133
1967 10 18 0 20.0255470275879
1967 10 19 0 23.3956508636475
1967 10 20 0 28.3041019439697
1967 10 21 0 15.2813367843628
1967 10 22 0 14.5637712478638
1967 10 23 0 14.468300819397
1967 10 24 0 16.9883213043213
1967 10 25 0 22.0991535186768
1967 10 26 0 24.5769672393799
1967 10 27 0 24.3690166473389
1967 10 28 0 17.8934917449951
1967 10 29 0 28.3989715576172
1967 10 30 0 24.803014755249
1967 10 31 0 11.0912389755249
1967 11 1 0 12.2034797668457
1967 11 2 0 10.4058856964111
1967 11 3 0 24.7972564697266
1967 11 4 0 23.4139270782471
1967 11 5 0 10.2292470932007
1967 11 6 0 9.6738977432251
1967 11 7 0 16.3230819702148
1967 11 8 0 15.3125839233398
1967 11 9 0 11.6772689819336
1967 11 10 0 11.8103742599487
1967 11 11 0 12.1419134140015
1967 11 12 0 18.6420402526855
1967 11 13 0 7.28240633010864
1967 11 14 0 7.9482684135437
1967 11 15 0 11.3919038772583
1967 11 16 0 14.788722038269
1967 11 17 0 11.9799919128418
1967 11 18 0 7.34403085708618
1967 11 19 0 8.96993350982666
1967 11 20 0 6.94448089599609
1967 11 21 0 5.65545463562012
1967 11 22 0 9.18138122558594
1967 11 23 0 5.89306592941284
1967 11 24 0 6.11528396606445
1967 11 25 0 7.47599077224731
1967 11 26 0 12.2435874938965
1967 11 27 0 4.91041803359985
1967 11 28 0 8.59093284606934
1967 11 29 0 4.46753740310669
1967 11 30 0 4.84363126754761
1967 12 1 0 4.28349733352661
1967 12 2 0 4.24373292922974
1967 12 3 0 5.11422491073608
1967 12 4 0 3.95014500617981
1967 12 5 0 3.86613821983337
1967 12 6 0 4.26301622390747
1967 12 7 0 3.87243342399597
1967 12 8 0 3.71485114097595
1967 12 9 0 3.98172402381897
1967 12 10 0 3.54716086387634
1967 12 11 0 3.63858437538147
1967 12 12 0 3.70930099487305
1967 12 13 0 3.40705013275146
1967 12 14 0 6.79064893722534
1967 12 15 0 3.44043850898743
1967 12 16 0 8.74670696258545
1967 12 17 0 7.61272621154785
1967 12 18 0 4.47126054763794
1967 12 19 0 6.01030015945435
1967 12 20 0 3.64124488830566
1967 12 21 0 3.43154644966125
1967 12 22 0 7.28367233276367
1967 12 23 0 7.5504322052002
1967 12 24 0 4.08131742477417
1967 12 25 0 3.47351956367493
1967 12 26 0 5.81072616577148
1967 12 27 0 7.68145418167114
1967 12 28 0 7.01638841629028
1967 12 29 0 9.15296936035156
1967 12 30 0 4.80063438415527
1967 12 31 0 3.96761059761047
1968 1 1 0 4.44953012466431
1968 1 2 0 6.14316129684448
1968 1 3 0 4.36801958084106
1968 1 4 0 7.47035074234009
1968 1 5 0 9.1248083114624
1968 1 6 0 4.97790431976318
1968 1 7 0 4.37242841720581
1968 1 8 0 4.51841831207275
1968 1 9 0 6.23961067199707
1968 1 10 0 5.58722257614136
1968 1 11 0 5.51635313034058
1968 1 12 0 4.9727578163147
1968 1 13 0 4.99309206008911
1968 1 14 0 5.81125450134277
1968 1 15 0 5.52119016647339
1968 1 16 0 5.63715362548828
1968 1 17 0 5.63103723526001
1968 1 18 0 7.1642107963562
1968 1 19 0 5.87527322769165
1968 1 20 0 6.88285493850708
1968 1 21 0 6.13990068435669
1968 1 22 0 6.41401672363281
1968 1 23 0 8.75704193115234
1968 1 24 0 8.26874160766602
1968 1 25 0 12.0386323928833
1968 1 26 0 12.0224952697754
1968 1 27 0 8.555495262146
1968 1 28 0 8.06476306915283
1968 1 29 0 8.17097949981689
1968 1 30 0 8.24816608428955
1968 1 31 0 10.2150926589966
