1964  1 1 0 3.212 3.212 3.212 3.212 3.212 3.212 3.212 3.212 3.212 3.212 3.212 3.212 3.212 3.212 3.212 3.212 3.212 3.212 3.212 3.212 3.212 3.212 3.212 3.212 3.212
1964  2 1 0 2.410 2.410 2.410 2.410 2.410 2.410 2.410 2.410 2.410 2.410 2.410 2.410 2.410 2.410 2.410 2.410 2.410 2.410 2.410 2.410 2.410 2.410 2.410 2.410 2.410 
1964  3 1 0 2.027 2.027 2.027 2.027 2.027 2.027 2.027 2.027 2.027 2.027 2.027 2.027 2.027 2.027 2.027 2.027 2.027 2.027 2.027 2.027 2.027 2.027 2.027 2.027 2.027 
1964  4 1 0 3.362 3.362 3.362 3.362 3.362 3.362 3.362 3.362 3.362 3.362 3.362 3.362 3.362 3.362 3.362 3.362 3.362 3.362 3.362 3.362 3.362 3.362 3.362 3.362 3.362 
1964  5 1 0 6.044 6.044 6.044 6.044 6.044 6.044 6.044 6.044 6.044 6.044 6.044 6.044 6.044 6.044 6.044 6.044 6.044 6.044 6.044 6.044 6.044 6.044 6.044 6.044 6.044
1964  6 1 0 8.566 8.566 8.566 8.566 8.566 8.566 8.566 8.566 8.566 8.566 8.566 8.566 8.566 8.566 8.566 8.566 8.566 8.566 8.566 8.566 8.566 8.566 8.566 8.566 8.566 
1964  7 1 0 11.18 11.18 11.18 11.18 11.18 11.18 11.18 11.18 11.18 11.18 11.18 11.18 11.18 11.18 11.18 11.18 11.18 11.18 11.18 11.18 11.18 11.18 11.18 11.18 11.18 
1964  8 1 0 12.39 12.39 12.39 12.39 12.39 12.39 12.39 12.39 12.39 12.39 12.39 12.39 12.39 12.39 12.39 12.39 12.39 12.39 12.39 12.39 12.39 12.39 12.39 12.39 12.39 
1964  9 1 0 14.05 14.05 14.05 14.05 14.05 14.05 14.05 14.05 14.05 14.05 14.05 14.05 14.05 14.05 14.05 14.05 14.05 14.05 14.05 14.05 14.05 14.05 14.05 14.05 14.05 
1964 10 1 0 11.23 11.23 11.23 11.23 11.23 11.23 11.23 11.23 11.23 11.23 11.23 11.23 11.23 11.23 11.23 11.23 11.23 11.23 11.23 11.23 11.23 11.23 11.23 11.23 11.23 
1964 11 1 0 9.015 9.015 9.015 9.015 9.015 9.015 9.015 9.015 9.015 9.015 9.015 9.015 9.015 9.015 9.015 9.015 9.015 9.015 9.015 9.015 9.015 9.015 9.015 9.015 9.015 
1964 12 1 0 6.291 6.291 6.291 6.291 6.291 6.291 6.291 6.291 6.291 6.291 6.291 6.291 6.291 6.291 6.291 6.291 6.291 6.291 6.291 6.291 6.291 6.291 6.291 6.291 6.291 
1965  1 1 0 3.212 3.212 3.212 3.212 3.212 3.212 3.212 3.212 3.212 3.212 3.212 3.212 3.212 3.212 3.212 3.212 3.212 3.212 3.212 3.212 3.212 3.212 3.212 3.212 3.212