-2.58994659655635E-15 
-2.59077859466879E-15 
-2.59159704025407E-15 
-2.59237927518086E-15 
-2.59319369735965E-15 
-2.59404157733985E-15 
-2.59486891677108E-15 
-2.59567486862039E-15 
-2.59645985640426E-15 
-2.59722620946329E-15 
-2.59797541010513E-15 
-2.59870809360451E-15 
-2.59942320117023E-15 
-2.60011692115403E-15 
-2.60078438311646E-15 
-2.60140801112388E-15 
-2.6019367714412E-15 
-2.60218622264417E-15 
-2.60025731686504E-15 
-2.57081995733263E-15 
-2.56039425230135E-15 
-2.56037625285122E-15 
-2.56088913130079E-15 
-2.56149348930865E-15 
-2.56203516687842E-15 
-2.56113519437196E-15 
-2.33427266604295E-15 
-1.66279227342567E-15 
-8.30379273659656E-16 
-2.99107741875566E-16 
-9.89275785656756E-17 
-5.79169167073622E-17 
-4.28819197661983E-17 
-2.99237284976937E-17 
-2.01317132988012E-17 
-1.37203761644262E-17 
-9.92164019114383E-18 
-7.80536642273714E-18 
-6.64499497790591E-18 
-5.93495513420928E-18 
-5.43773149132967E-18 
-5.06720999800695E-18 
-4.79446208026862E-18 
-4.59063940066157E-18 
-4.43190344111265E-18 
-4.30297783006921E-18 
-4.19407040343987E-18 
-4.0990124618065E-18 
-4.01482325983177E-18 
-3.9401400174565E-18 
-3.87533289800481E-18 
-3.81570186123617E-18 
-3.75895975275687E-18 
-3.70477694109281E-18 
-3.65458031280064E-18 
-3.60843604232937E-18 
-3.56562820485883E-18 
-3.52534823134025E-18 
-3.48812510377537E-18 
-3.45192933453127E-18 
-3.41140348157562E-18 
-3.3640436691942E-18 
-3.3067843660369E-18 
-3.23994279586863E-18 
-3.16318064181886E-18 
-3.07599104896725E-18 
-2.98718597237933E-18 
-2.90497207770737E-18 
-2.82815408896626E-18 
-2.76359760524017E-18 
-2.70477885983306E-18 
-2.65826277167644E-18 
-2.61476713352657E-18 
-2.56856888952033E-18 
-2.51387033074434E-18 
-2.45084992141576E-18 
-2.38882336959317E-18 
-2.33185544080664E-18 
-2.29739344212646E-18 
-2.27693106172343E-18 
-2.26258216643262E-18 
-2.25212205399658E-18 
-2.24281689249082E-18 
-2.23591841297728E-18 
-2.23062011435873E-18 
-2.22591717898606E-18 
-2.22041684150288E-18 
-2.21719228468E-18 
-2.21389017967469E-18 
-2.20870396402913E-18 
-2.20495476790274E-18 
-2.20069499454324E-18 
-2.19375350163785E-18 
-2.18865248559539E-18 
-2.18381823530048E-18 
-2.1809272390596E-18 
-2.17882785466494E-18 
-2.17520976666564E-18 
-2.1711055032613E-18 
-2.16619205042274E-18 
-2.16023655680751E-18 
-2.15391875808398E-18 
-2.14975617844646E-18 
-2.15199122046158E-18 
-2.15070412742845E-18 
-2.14877596942058E-18 
-2.14835203935665E-18 
-2.14835472769364E-18 
-2.14928613306338E-18 
-2.15437370742088E-18 
-2.15139523683023E-18 
-2.15168867915254E-18 
-2.15510203995024E-18 
-2.15491385636088E-18 
-2.14906176032222E-18 
-2.14611741093184E-18 
