0.000363177998224273 
0.000363121595000848 
0.000363102677511051 
0.000363093917258084 
0.000363089813617989 
0.000363088533049449 
0.000363089551683515 
0.000363092141924426 
0.000363095721695572 
0.000363099854439497 
0.000363104161806405 
0.000363108236342669 
0.000363111757906154 
0.000363114202627912 
0.000363114959327504 
0.000363112951163203 
0.000363106286386028 
0.000363089580787346 
0.000363023660611361 
0.000362639577360824 
0.000362396065611392 
0.000362358870916069 
0.000362322345608845 
0.000362257269443944 
0.000362100487109274 
0.000361133017577231 
0.000343789346516132 
0.000314880831865594 
0.000294976052828133 
0.000281361659290269 
0.000272710836725309 
0.000268360192421824 
0.000265717506408691 
0.000263212277786806 
0.000259784079389647 
0.000255531369475648 
0.000250681245233864 
0.000245483330218121 
0.00024014113296289 
0.000234888240811415 
0.000229905694141053 
0.000225281750317663 
0.00022110428835731 
0.000217291075387038 
0.000213771854760125 
0.000210444661206566 
0.000207237011636607 
0.000204159747227095 
0.000201161470613442 
0.000198270761757158 
0.000195604749023914 
0.000193207961274311 
0.000190878592547961 
0.000188518577488139 
0.000186162083991803 
0.00018389176693745 
0.000181756200618111 
0.000179697701241821 
0.000177610781975091 
0.000175327440956607 
0.000172629210283048 
0.000169309932971373 
0.00016527580737602 
0.000160650364705361 
0.000155646412167698 
0.000150409439811483 
0.000145158148370683 
0.000140267016831785 
0.0001357264991384 
0.000131701497593895 
0.000128316765767522 
0.000125713995657861 
0.000123372985399328 
0.000120910568512045 
0.000118221214506775 
0.000115338654723018 
0.000112663932668511 
0.000110412976937369 
0.00010913531150436 
0.000108471169369295 
0.000108061372884549 
0.000107771891634911 
0.000107480263977777 
0.00010724674211815 
0.000107078929431736 
0.000106920088001061 
0.000106715328001883 
0.00010656791710062 
0.000106457227957435 
0.000106329069240019 
0.000106192899693269 
0.000106064449937548 
0.000105822400655597 
0.000105683793663047 
0.000105545383121353 
0.000105446510133334 
0.00010536887566559 
0.000105264531157445 
0.000105170045571867 
0.000105069528217427 
0.000104938735603355 
0.000104761609691195 
0.000104650396679062 
0.000104641454527155 
0.000104425176687073 
0.000104185492091347 
0.000103987411421258 
0.000103712896816432 
0.000103481695987284 
0.000103251775726676 
0.000102887803222984 
0.000102820005849935 
0.00010282843868481 
0.000102119302027859 
9.95438531390391E-5 
9.76269948296249E-5 
