6.052E-3
6.052E-3
6.052E-3
6.052E-3
6.052E-3
6.052E-3
6.052E-3
6.052E-3
6.052E-3
6.052E-3
6.052E-3
6.052E-3
6.052E-3
6.052E-3
6.052E-3
6.052E-3
6.052E-3
6.052E-3
6.052E-3
6.052E-3
6.052E-3
6.052E-3
6.052E-3
6.052E-3
6.052E-3
6.052E-3
6.052E-3
6.052E-3
6.052E-3
6.052E-3
6.052E-3
6.052E-3
6.052E-3
6.052E-3
6.052E-3
6.052E-3
6.052E-3
6.052E-3
6.052E-3
6.052E-3
6.052E-3
6.052E-3
6.052E-3
6.052E-3
6.052E-3
6.052E-3
6.052E-3
6.052E-3
6.052E-3
6.052E-3
6.052E-3
6.052E-3
6.052E-3
6.052E-3
6.052E-3
6.052E-3
6.052E-3
6.052E-3
6.052E-3
6.052E-3
6.052E-3
6.052E-3
6.052E-3
6.052E-3
6.052E-3
6.052E-3
6.052E-3
6.052E-3
6.052E-3
6.052E-3
