2.19068265749911E-8 
2.1927986537662E-8 
2.19462759076805E-8 
2.19634621601017E-8 
2.19803339973623E-8 
2.19971489912041E-8 
2.20140812245972E-8 
2.20313172150099E-8 
2.2049057690765E-8 
2.20675175910401E-8 
2.20869473821494E-8 
2.21076721373947E-8 
2.21301270642016E-8 
2.21549587564596E-8 
2.21832205937744E-8 
2.22167741981139E-8 
2.22596074905823E-8 
2.23237037744184E-8 
2.25012737331554E-8 
2.31794281546627E-8 
2.35805170945014E-8 
2.36224106942018E-8 
2.36375097273367E-8 
2.36516246587826E-8 
2.36680950393975E-8 
2.36122161823005E-8 
2.2319085246636E-8 
2.06369268340723E-8 
1.79579977555022E-8 
1.49752104050549E-8 
1.28967885260067E-8 
1.18904690538102E-8 
1.14921183680394E-8 
1.126051607514E-8 
1.10567146549556E-8 
1.0863976385167E-8 
1.06622977114057E-8 
1.04576249881916E-8 
1.02610675511983E-8 
1.00763362098633E-8 
9.91682380657721E-9 
9.78925385197726E-9 
9.68801305845091E-9 
9.60389989757005E-9 
9.53834256023356E-9 
9.48687706170404E-9 
9.44514333411917E-9 
9.41084277172877E-9 
9.38215194423719E-9 
9.35830080095457E-9 
9.34084010140168E-9 
9.32113586316063E-9 
9.30151422551262E-9 
9.28255605714412E-9 
9.26352239360995E-9 
9.24580056960167E-9 
9.22925202928582E-9 
9.21560339151029E-9 
9.20265819104316E-9 
9.18904419222599E-9 
9.17262799049468E-9 
9.15118736344311E-9 
9.1218952391614E-9 
9.07980979292233E-9 
9.02689034631976E-9 
8.96359253488299E-9 
8.90063134306729E-9 
8.84413875468226E-9 
8.79454020719095E-9 
8.75421068968762E-9 
8.71884608955042E-9 
8.69139960002485E-9 
8.66125304810339E-9 
8.62381188682093E-9 
8.57264215170517E-9 
8.51411918745271E-9 
8.45690006912037E-9 
8.40511127364607E-9 
8.37369462658444E-9 
8.35394242670873E-9 
8.34115265746505E-9 
8.33152569157392E-9 
8.32351076951454E-9 
8.31787527744154E-9 
8.31412361179673E-9 
8.31167934478572E-9 
8.3094242597781E-9 
8.30794810724456E-9 
8.30676682994635E-9 
8.30512902894043E-9 
8.30347524072295E-9 
8.30183388700334E-9 
8.2979187965293E-9 
8.29619306585982E-9 
8.29471247243418E-9 
8.29417423631185E-9 
8.29381896494397E-9 
8.29254709344696E-9 
8.2910478482745E-9 
8.28956192577834E-9 
8.28773050187692E-9 
8.28536261821E-9 
8.28465385183108E-9 
8.29157631443422E-9 
8.29536528357266E-9 
8.29896062981561E-9 
8.30401347684528E-9 
8.30916313532271E-9 
8.3133739892105E-9 
8.32186941579494E-9 
8.32139868123249E-9 
8.32398328043382E-9 
8.33212521200721E-9 
8.33680946499271E-9 
8.33688140744471E-9 
8.33639823838439E-9 
