1964 01 01 0 0.0111314384266734
1964 01 02 0 0.0690441355109215
1964 01 03 0 0.108363032341003
1964 01 04 0 0.0830928161740303
1964 01 05 0 0.00562932016327977
1964 01 06 0 0.00145063735544682
1964 01 07 0 0.00400252919644117
1964 01 08 0 0.00603297352790833
1964 01 09 0 0.114210672676563
1964 01 10 0 0.0981730595231056
1964 01 11 0 0.323691099882126
1964 01 12 0 0.0541507378220558
1964 01 13 0 0.0108426259830594
1964 01 14 0 0.0088840164244175
1964 01 15 0 0.0226515233516693
1964 01 16 0 0.00302437995560467
1964 01 17 0 0.000391034292988479
1964 01 18 0 0.000331885472405702
1964 01 19 0 0.000211976032005623
1964 01 20 0 0.000511624617502093
1964 01 21 0 0.000264252739725634
1964 01 22 0 0.000482272502267733
1964 01 23 0 0.00050739967264235
1964 01 24 0 0.000798310269601643
1964 01 25 0 0.000466803088784218
1964 01 26 0 0.00153187045361847
1964 01 27 0 0.00777025427669287
1964 01 28 0 0.00713646691292524
1964 01 29 0 0.015310631133616
1964 01 30 0 0.000565240683499724
1964 01 31 0 0.0020732874982059
1964 02 01 0 0.0062797786667943
1964 02 02 0 0.00086664326954633
1964 02 03 0 0.000449320621555671
1964 02 04 0 0.00735075538977981
1964 02 05 0 0.00412570359185338
1964 02 06 0 0.000174044966115616
1964 02 07 0 0.0416367240250111
1964 02 08 0 0.159168273210526
1964 02 09 0 0.00316636892966926
1964 02 10 0 0.00064005161402747
1964 02 11 0 0.000387970998417586
1964 02 12 0 0.000156585403601639
1964 02 13 0 0.000379107048502192
1964 02 14 0 0.000147360842674971
1964 02 15 0 0.00875744596123695
1964 02 16 0 0.0371545702219009
1964 02 17 0 0.0110828373581171
1964 02 18 0 0.00080015225103125
1964 02 19 0 0.00177234050352126
1964 02 20 0 0.00313758524134755
1964 02 21 0 0.00624290900304914
1964 02 22 0 0.00125662877690047
1964 02 23 0 0.00892144255340099
1964 02 24 0 0.000886004883795977
1964 02 25 0 0.00011996747343801
1964 02 26 0 0.000204674681299366
1964 02 27 0 0.000756911293137819
1964 02 28 0 0.000306944391923025
1964 02 29 0 0.000306944391923025
1964 03 01 0 0.017192218452692
1964 03 02 0 0.00265116477385163
1964 03 03 0 0.0146681107580662
1964 03 04 0 0.00446855882182717
1964 03 05 0 0.000178497633896768
1964 03 06 0 0.000314845034154132
1964 03 07 0 0.000237483167438768
1964 03 08 0 0.000492895545903593
1964 03 09 0 0.000312930147629231
1964 03 10 0 0.000412939989473671
1964 03 11 0 0.00077914068242535
1964 03 12 0 0.00875382777303457
1964 03 13 0 0.0262230522930622
1964 03 14 0 0.0483083873987198
1964 03 15 0 0.0315365046262741
1964 03 16 0 0.0081048384308815
1964 03 17 0 0.00890725199133158
1964 03 18 0 0.00583352986723185
1964 03 19 0 0.000664755876641721
1964 03 20 0 6.31452858215198e-05
1964 03 21 0 0.0830023810267448
1964 03 22 0 0.112716563045979
1964 03 23 0 0.000203501986106858
1964 03 24 0 0.000252431695116684
1964 03 25 0 0.0107702687382698
1964 03 26 0 0.0249572824686766
1964 03 27 0 0.000358720571966842
1964 03 28 0 0.000284920679405332
1964 03 29 0 0.00185529538430274
1964 03 30 0 0.0530354157090187
1964 03 31 0 0.0117759583517909
1964 04 01 0 0.0908058807253838
1964 04 02 0 0.0598943531513214
1964 04 03 0 0.00137351278681308
1964 04 04 0 0.000592201831750572
1964 04 05 0 0.00331884133629501
1964 04 06 0 0.00389553233981133
1964 04 07 0 0.000698843505233526
1964 04 08 0 0.000167916310601868
1964 04 09 0 0.000528255652170628
1964 04 10 0 0.00024995012790896
1964 04 11 0 0.000291839533019811
1964 04 12 0 0.00809171050786972
1964 04 13 0 0.0194421634078026
1964 04 14 0 0.00151348311919719
1964 04 15 0 0.000824847724288702
1964 04 16 0 0.00157650629989803
1964 04 17 0 0.000378280587028712
1964 04 18 0 0.00706465262919664
1964 04 19 0 0.000382808386348188
1964 04 20 0 0.000769966747611761
1964 04 21 0 0.000274304416961968
1964 04 22 0 0.00019597596838139
1964 04 23 0 0.000262411835137755
1964 04 24 0 0.000167042686371133
1964 04 25 0 0.000209751917282119
1964 04 26 0 0.000219592751818709
1964 04 27 0 0.000362363789463416
1964 04 28 0 0.000500557478517294
1964 04 29 0 0.00111895985901356
1964 04 30 0 0.000417349918279797
1964 05 01 0 7.14805573807098e-05
1964 05 02 0 7.88294855738059e-05
1964 05 03 0 0.00102726044133306
1964 05 04 0 0.00165522389579564
1964 05 05 0 0.00570483040064573
1964 05 06 0 0.000299927371088415
1964 05 07 0 0.000216569766052999
1964 05 08 0 0.000145482714287937
1964 05 09 0 0.000260629196418449
1964 05 10 0 0.00531883211806417
1964 05 11 0 0.000214529311051592
1964 05 12 0 0.000306107744108886
1964 05 13 0 0.0096093351021409
1964 05 14 0 0.000659334065858275
1964 05 15 0 0.000350303918821737
1964 05 16 0 0.000715345027856529
1964 05 17 0 0.00939732138067484
1964 05 18 0 0.00235693552531302
1964 05 19 0 0.0016138986684382
1964 05 20 0 0.000111662746348884
1964 05 21 0 8.38524647406302e-05
1964 05 22 0 0.000104699691291898
1964 05 23 0 0.000406958890380338
1964 05 24 0 9.45418651099317e-05
1964 05 25 0 0.000123389734653756
1964 05 26 0 0.000198537221876904
1964 05 27 0 0.00345426402054727
1964 05 28 0 0.000447234575403854
1964 05 29 0 0.000295201753033325
1964 05 30 0 0.000448576203780249
1964 05 31 0 0.00243140454404056
1964 06 01 0 0.00053140486124903
1964 06 02 0 0.000272967765340582
1964 06 03 0 0.000758660899009556
1964 06 04 0 0.000263494235696271
1964 06 05 0 0.000250775978202
1964 06 06 0 0.000721540942322463
1964 06 07 0 0.000125376129290089
1964 06 08 0 0.000106817984487861
1964 06 09 0 0.00634687300771475
1964 06 10 0 0.00138205522671342
1964 06 11 0 6.40361395198852e-05
1964 06 12 0 0.000102440935734194
1964 06 13 0 7.90024423622526e-05
1964 06 14 0 0.000477134628454223
1964 06 15 0 0.00548087572678924
1964 06 16 0 0.000389109452953562
1964 06 17 0 0.000363629485946149
1964 06 18 0 0.00101895234547555
1964 06 19 0 0.00305354059673846
1964 06 20 0 0.000237119733355939
1964 06 21 0 0.000394935254007578
1964 06 22 0 0.00024413299979642
1964 06 23 0 0.000122485289466567
1964 06 24 0 0.00286509469151497
1964 06 25 0 0.000330302049405873
1964 06 26 0 0.000192364735994488
1964 06 27 0 0.000148260194691829
1964 06 28 0 6.8450412072707e-05
1964 06 29 0 6.04917477176059e-05
1964 06 30 0 5.25232098880224e-05
1964 07 01 0 7.3442752182018e-05
1964 07 02 0 0.00221320427954197
1964 07 03 0 0.00145645346492529
1964 07 04 0 0.000184537391760387
1964 07 05 0 9.04019325389527e-05
1964 07 06 0 0.00422319630160928
1964 07 07 0 0.000248417578404769
1964 07 08 0 0.00643679220229387
1964 07 09 0 0.0807419344782829
1964 07 10 0 0.0915308371186256
1964 07 11 0 0.00440941425040364
1964 07 12 0 0.000845664879307151
1964 07 13 0 0.000382451078621671
1964 07 14 0 0.00027520241565071
1964 07 15 0 0.00133676826953888
1964 07 16 0 0.000450129387900233
1964 07 17 0 0.000899211678188294
1964 07 18 0 0.00234389281831682
1964 07 19 0 0.000261548819253221
1964 07 20 0 0.00218310626223683
1964 07 21 0 0.000385839259251952
1964 07 22 0 0.000133505309349857
1964 07 23 0 0.000252044061198831
1964 07 24 0 0.000128212821437046
1964 07 25 0 0.0561022832989693
1964 07 26 0 0.0383328795433044
1964 07 27 0 0.000247144140303135
1964 07 28 0 0.000615424592979252
1964 07 29 0 0.00495273200795054
1964 07 30 0 0.0064993416890502
1964 07 31 0 0.00652769720181823
1964 08 01 0 0.000168094076798297
1964 08 02 0 0.000193744534044527
1964 08 03 0 0.00416088989004493
1964 08 04 0 0.00472267623990774
1964 08 05 0 0.00151020660996437
1964 08 06 0 4.60510163975414e-05
1964 08 07 0 0.000108072475995868
1964 08 08 0 0.00141631287988275
1964 08 09 0 0.000520052330102772
1964 08 10 0 0.000301041931379586
1964 08 11 0 0.000186389937880449
1964 08 12 0 6.26196342636831e-05
1964 08 13 0 0.00493750162422657
1964 08 14 0 0.079537495970726
1964 08 15 0 0.101108007133007
1964 08 16 0 0.232374966144562
1964 08 17 0 0.235553666949272
1964 08 18 0 0.160775795578957
1964 08 19 0 0.0547798909246922
1964 08 20 0 0.012235495261848
1964 08 21 0 0.00132173649035394
1964 08 22 0 0.000846271985210478
1964 08 23 0 0.00428836233913898
1964 08 24 0 0.00301953684538603
1964 08 25 0 0.00111992994789034
1964 08 26 0 0.00085339933866635
1964 08 27 0 0.000217259483179078
1964 08 28 0 0.000314888748107478
1964 08 29 0 0.000238803535467014
1964 08 30 0 0.000164060533279553
1964 08 31 0 0.000162292344612069
1964 09 01 0 0.000282911380054429
1964 09 02 0 0.00130429351702332
1964 09 03 0 0.000170605926541612
1964 09 04 0 9.78554016910493e-05
1964 09 05 0 0.0124961780384183
1964 09 06 0 0.0574632957577705
1964 09 07 0 0.014298620633781
1964 09 08 0 0.00443852413445711
1964 09 09 0 0.0140174385160208
1964 09 10 0 0.00117817905265838
1964 09 11 0 0.0300744213163853
1964 09 12 0 0.0229433532804251
1964 09 13 0 0.0176785569638014
1964 09 14 0 0.0406764969229698
1964 09 15 0 0.000815125880762935
1964 09 16 0 0.000202091308892705
1964 09 17 0 0.000531673082150519
1964 09 18 0 0.00387168093584478
1964 09 19 0 0.000146127145853825
1964 09 20 0 0.00107882847078145
1964 09 21 0 0.000454906868981197
1964 09 22 0 0.000960447126999497
1964 09 23 0 0.000193134546861984
1964 09 24 0 0.000309494382236153
1964 09 25 0 0.000240882436628453
1964 09 26 0 0.000342675804859027
1964 09 27 0 0.000510624260641634
1964 09 28 0 0.000465026474557817
1964 09 29 0 0.00062976562185213
1964 09 30 0 0.000200929556740448
1964 10 01 0 0.000468319398351014
1964 10 02 0 0.000746005855035037
1964 10 03 0 0.000177624242496677
1964 10 04 0 0.000167087375302799
1964 10 05 0 0.000141378070111386
1964 10 06 0 0.0791216418147087
1964 10 07 0 0.236142799258232
1964 10 08 0 0.0574009642004967
1964 10 09 0 0.00851498544216156
1964 10 10 0 0.00191747199278325
1964 10 11 0 0.00671889306977391
1964 10 12 0 0.0139353601261973
1964 10 13 0 0.0103980014100671
1964 10 14 0 0.0223611164838076
1964 10 15 0 0.146399021148682
1964 10 16 0 0.0499989464879036
1964 10 17 0 0.00258620316162705
1964 10 18 0 0.00302574923262
1964 10 19 0 0.0045372499153018
1964 10 20 0 0.00106233102269471
1964 10 21 0 0.000242514695855789
1964 10 22 0 0.000633478513918817
1964 10 23 0 0.0265659932047129
1964 10 24 0 0.000714629772119224
1964 10 25 0 0.000522352172993124
1964 10 26 0 0.000676949566695839
1964 10 27 0 0.000448851991677657
1964 10 28 0 0.0289701484143734
1964 10 29 0 0.0146148884668946
1964 10 30 0 0.000245794421061873
1964 10 31 0 0.000270454765995964
1964 11 01 0 0.000184965509106405
1964 11 02 0 0.000119417723908555
1964 11 03 0 9.14358970476314e-05
1964 11 04 0 0.00021333726181183
1964 11 05 0 0.000504450057633221
1964 11 06 0 0.000303653621813282
1964 11 07 0 0.000409609521739185
1964 11 08 0 0.0267134588211775
1964 11 09 0 0.00559745030477643
1964 11 10 0 0.028669873252511
1964 11 11 0 0.00405793357640505
1964 11 12 0 0.00403041345998645
1964 11 13 0 0.00142243038862944
1964 11 14 0 0.0843848362565041
1964 11 15 0 0.00544919073581696
1964 11 16 0 0.00095096614677459
1964 11 17 0 0.000579840096179396
1964 11 18 0 0.0160133242607117
1964 11 19 0 0.0836372077465057
1964 11 20 0 0.00607520202174783
1964 11 21 0 0.00129655248019844
1964 11 22 0 0.00146225758362561
1964 11 23 0 0.0217896942049265
1964 11 24 0 0.00798852182924747
1964 11 25 0 0.00372329237870872
1964 11 26 0 0.000320811901474372
1964 11 27 0 0.000938436423894018
1964 11 28 0 0.00685997633263469
1964 11 29 0 0.0219275280833244
1964 11 30 0 0.0678469315171242
1964 12 01 0 0.0499244220554829
1964 12 02 0 0.00140124792233109
1964 12 03 0 0.000507016957271844
1964 12 04 0 0.00730862887576222
1964 12 05 0 0.0279339961707592
1964 12 06 0 0.0334879346191883
1964 12 07 0 0.001319978851825
1964 12 08 0 0.000513881328515708
1964 12 09 0 0.000432082626502961
1964 12 10 0 0.00658672768622637
1964 12 11 0 0.00863721501082182
1964 12 12 0 0.0118000879883766
1964 12 13 0 0.0030203708447516
1964 12 14 0 0.000519037363119423
1964 12 15 0 0.000477507448522374
1964 12 16 0 0.000392794609069824
1964 12 17 0 0.000438449758803472
1964 12 18 0 0.000225143201532774
1964 12 19 0 0.000229985249461606
1964 12 20 0 0.000284182082396001
1964 12 21 0 0.00106256583239883
1964 12 22 0 0.0241028424352407
1964 12 23 0 0.00347300223074853
1964 12 24 0 0.00192017597146332
1964 12 25 0 0.00326530449092388
1964 12 26 0 0.00418202159926295
1964 12 27 0 0.00117336795665324
1964 12 28 0 0.00204025534912944
1964 12 29 0 0.053778663277626
1964 12 30 0 0.0392054319381714
1964 12 31 0 0.0309020839631557
