1964 01 01 00 4.41334772109985 4.41389608383179 4.41417121887207 4.41354274749756 4.41311073303223 4.41296291351318 4.4132776260376 4.41495656967163
1964 01 02 00 4.72387981414795 4.72526454925537 4.72610664367676 4.72684860229492 4.72765636444092 4.72863483428955 4.72970485687256 4.72872161865234
1964 01 03 00 5.5856671333313 5.5856671333313 5.5856671333313 5.5856671333313 5.5856671333313 5.5856671333313 5.5856671333313 5.5856671333313
1964 01 04 00 5.89454221725464 5.89454126358032 5.89440441131592 5.89298343658447 5.89161396026611 5.89065933227539 5.89042568206787 5.89087390899658
1964 01 05 00 5.5717601776123 5.57179546356201 5.57170009613037 5.57133674621582 5.57105302810669 5.57201623916626 5.60618114471436 5.60687446594238
1964 01 06 00 4.32986068725586 4.33295249938965 4.33541393280029 4.33940124511719 4.34777116775513 4.37734460830688 5.09223699569702 5.39736461639404
1964 01 07 00 3.59884166717529 3.60035014152527 3.60138034820557 3.60290431976318 3.60642123222351 3.62222528457642 4.25600719451904 5.21082067489624
1964 01 08 00 4.17315483093262 4.17464017868042 4.17597436904907 4.17789363861084 4.18144989013672 4.19062519073486 4.28627681732178 4.58823776245117
1964 01 09 00 5.14988803863525 5.15059375762939 5.15098810195923 5.1513729095459 5.15170335769653 5.15208053588867 5.15248727798462 5.15248727798462
1964 01 10 00 5.76017713546753 5.76060104370117 5.76060104370117 5.76060104370117 5.76060104370117 5.76060104370117 5.76060104370117 5.76060104370117
1964 01 11 00 5.62662553787231 5.62662553787231 5.62662553787231 5.62662553787231 5.62662553787231 5.62662553787231 5.62662553787231 5.62662553787231
1964 01 12 00 5.46166229248047 5.46178579330444 5.46189022064209 5.46184253692627 5.46184253692627 5.46184253692627 5.46184253692627 5.46184253692627
1964 01 13 00 5.48317098617554 5.48389673233032 5.48414659500122 5.48428392410278 5.48443412780762 5.48457193374634 5.484703540802 5.48475742340088
1964 01 14 00 5.50267887115479 5.50286436080933 5.5026798248291 5.5025200843811 5.5025200843811 5.5025200843811 5.5025200843811 5.5025200843811
1964 01 15 00 5.38070487976074 5.38085699081421 5.38083219528198 5.38050603866577 5.38046169281006 5.38059616088867 5.38074922561646 5.38091802597046
1964 01 16 00 5.29156303405762 5.2920708656311 5.29201078414917 5.29164886474609 5.29129314422607 5.29112863540649 5.29157495498657 5.29436063766479
1964 01 17 00 5.25709867477417 5.25709867477417 5.25704860687256 5.25607395172119 5.25531339645386 5.25542593002319 5.25549268722534 5.25549268722534
1964 01 18 00 5.08791971206665 5.08899450302124 5.08874320983887 5.08765649795532 5.08656787872314 5.08597993850708 5.08720541000366 5.09458827972412
1964 01 19 00 4.78179311752319 4.78543090820312 4.7874002456665 4.78958177566528 4.79243803024292 4.79719352722168 4.81033325195312 4.88540124893188
1964 01 20 00 3.76517868041992 3.77297043800354 3.84361219406128 4.09530115127563 4.29853534698486 4.43712186813354 4.56305980682373 4.80222797393799
1964 01 21 00 3.51871800422668 3.52142763137817 3.84739780426025 4.12281799316406 4.22780561447144 4.41082859039307 4.45913934707642 4.75050258636475
1964 01 22 00 2.80556583404541 2.80982136726379 3.31067800521851 3.72089600563049 4.06793642044067 4.33717155456543 4.42743587493896 4.65755844116211
1964 01 23 00 2.67492866516113 2.67535424232483 2.7911114692688 3.49485516548157 4.07856512069702 4.40027475357056 4.55686569213867 4.62405014038086
1964 01 24 00 2.65318274497986 2.65385007858276 2.66100287437439 2.90870904922485 3.92830586433411 4.57946920394897 4.78567790985107 4.70404481887817
1964 01 25 00 2.66615414619446 2.66620278358459 2.66672778129578 2.67799520492554 3.92471599578857 4.62052869796753 4.82096099853516 4.79478883743286
1964 01 26 00 2.78803777694702 2.79092407226562 2.7959897518158 2.82259202003479 3.73448181152344 4.62285041809082 4.79821491241455 4.78760576248169
1964 01 27 00 3.58788776397705 3.58822584152222 3.58890295028687 3.59265351295471 3.64243769645691 4.12710332870483 4.44398164749146 4.75941276550293
1964 01 28 00 3.84977507591248 3.85088348388672 3.85155487060547 3.85230112075806 3.85428619384766 3.86502623558044 4.13419818878174 4.65063333511353
1964 01 29 00 4.10362339019775 4.10366487503052 4.10368251800537 4.10369920730591 4.10374546051025 4.10391283035278 4.1046028137207 4.11166715621948
1964 01 30 00 3.9841103553772 3.9841103553772 3.98403882980347 3.9837806224823 3.98348307609558 3.98395013809204 3.99152493476868 4.08922100067139
1964 01 31 00 3.89596724510193 3.89626145362854 3.89593720436096 3.89496517181396 3.8942654132843 3.89482402801514 3.90324783325195 4.15901756286621
1964 02 01 00 3.97855496406555 3.97886943817139 3.97893071174622 3.97882843017578 3.97883677482605 3.978999376297 3.97981309890747 3.98436212539673
1964 02 02 00 4.12481641769409 4.12579345703125 4.12579298019409 4.12588453292847 4.12588453292847 4.12588453292847 4.12588453292847 4.12588453292847
1964 02 03 00 4.03978681564331 4.03989696502686 4.03990364074707 4.03990364074707 4.03990364074707 4.03990364074707 4.03990364074707 4.03990364074707
1964 02 04 00 3.92534017562866 3.92534017562866 3.92534017562866 3.92534017562866 3.92534017562866 3.92534017562866 3.92534017562866 3.92537689208984
1964 02 05 00 3.8029797077179 3.80356907844543 3.80271744728088 3.80156517028809 3.80082750320435 3.80359673500061 3.82418584823608 3.85418248176575
1964 02 06 00 3.6959536075592 3.69616913795471 3.69565081596375 3.69483733177185 3.69422769546509 3.69789814949036 3.8060040473938 3.88442540168762
1964 02 07 00 3.65297889709473 3.65297889709473 3.65290856361389 3.6528480052948 3.65284109115601 3.65344667434692 3.68116974830627 3.77933430671692
1964 02 08 00 3.50886368751526 3.51006293296814 3.50946187973022 3.50817441940308 3.50676560401917 3.50571012496948 3.50590634346008 3.51289057731628
1964 02 09 00 3.39184951782227 3.39184951782227 3.39184951782227 3.39184951782227 3.39184951782227 3.39184951782227 3.39184999465942 3.39226770401001
1964 02 10 00 3.37683081626892 3.37683081626892 3.37682700157166 3.37677407264709 3.37670016288757 3.37664651870728 3.37685799598694 3.38153982162476
1964 02 11 00 3.29892039299011 3.29934573173523 3.29904127120972 3.29860329627991 3.29803514480591 3.29808044433594 3.30122089385986 3.37832641601562
1964 02 12 00 3.22659635543823 3.22819757461548 3.22783780097961 3.22721171379089 3.22703886032104 3.22866320610046 3.24177527427673 3.37421774864197
1964 02 13 00 3.01280736923218 3.01419925689697 3.01406598091125 3.01399207115173 3.01511073112488 3.02286005020142 3.13014554977417 3.32327032089233
1964 02 14 00 2.84173822402954 2.84286093711853 2.84166741371155 2.84028172492981 2.83971166610718 2.84923577308655 3.08490109443665 3.29150485992432
1964 02 15 00 2.67620086669922 2.67853832244873 2.67929244041443 2.68066072463989 2.68491888046265 2.71377372741699 3.18656134605408 3.33845138549805
1964 02 16 00 2.17298817634583 2.17448163032532 2.17396974563599 2.17379355430603 2.17607498168945 2.19387936592102 2.86998414993286 3.48059558868408
1964 02 17 00 1.86454975605011 1.86543893814087 1.86526107788086 1.86515629291534 1.86619353294373 1.87669944763184 2.36783289909363 3.45892524719238
1964 02 18 00 2.06686639785767 2.06686639785767 2.06686639785767 2.06686639785767 2.06688833236694 2.06880807876587 2.74785137176514 3.65734577178955
1964 02 19 00 2.28575778007507 2.28575778007507 2.28575778007507 2.28585648536682 2.28628492355347 2.2876923084259 2.30638384819031 3.36243796348572
1964 02 20 00 2.44281530380249 2.44281530380249 2.44281530380249 2.44281530380249 2.44331121444702 2.44568109512329 2.45999383926392 2.75208806991577
1964 02 21 00 2.52729058265686 2.52729058265686 2.52729058265686 2.52729058265686 2.52729058265686 2.52729058265686 2.52729058265686 2.5329327583313
1964 02 22 00 2.75814580917358 2.75814580917358 2.75814580917358 2.75814580917358 2.75814580917358 2.75814580917358 2.75814580917358 2.75814580917358
1964 02 23 00 2.66086196899414 2.66086196899414 2.66086196899414 2.66086196899414 2.66086196899414 2.66086196899414 2.66086196899414 2.66086196899414
1964 02 24 00 2.84435439109802 2.84435439109802 2.84435439109802 2.84435439109802 2.84435439109802 2.84435439109802 2.84435439109802 2.84435439109802
1964 02 25 00 2.96509456634521 2.96509456634521 2.96509456634521 2.96509456634521 2.96509456634521 2.96509456634521 2.96509456634521 2.96509456634521
1964 02 26 00 2.92158031463623 2.92228984832764 2.92241978645325 2.92251968383789 2.92292785644531 2.92381167411804 2.92566967010498 2.93078660964966
1964 02 27 00 2.50570368766785 2.50428438186646 2.51355719566345 2.51954126358032 2.54529619216919 2.57052779197693 2.64691519737244 2.81721901893616
1964 02 28 00 2.54726076126099 2.54509401321411 2.5775728225708 2.61388731002808 2.6371603012085 2.65356755256653 2.73166131973267 2.89830565452576
1964 02 29 00 2.54726076126099 2.54509401321411 2.5775728225708 2.61388731002808 2.6371603012085 2.65356755256653 2.73166131973267 2.89830565452576
1964 03 01 00 2.42041802406311 2.42227053642273 2.4237916469574 2.42597126960754 2.43034052848816 2.44207334518433 2.49610376358032 2.77159953117371
1964 03 02 00 2.69246959686279 2.69246959686279 2.69246959686279 2.69246959686279 2.69246959686279 2.69246959686279 2.69248461723328 2.76142406463623
1964 03 03 00 2.80888056755066 2.80905818939209 2.80905818939209 2.80905818939209 2.80905818939209 2.80905818939209 2.80905747413635 2.8091926574707
1964 03 04 00 2.82640361785889 2.82658815383911 2.8264172077179 2.82626271247864 2.8261604309082 2.82620620727539 2.82668590545654 2.82993745803833
1964 03 05 00 2.92437958717346 2.92195725440979 2.91852855682373 2.91458773612976 2.9090142250061 2.88767337799072 2.86849737167358 2.87765789031982
1964 03 06 00 2.96377348899841 2.96206188201904 2.9604594707489 2.95869016647339 2.95625734329224 2.9427125453949 2.93647861480713 2.93478965759277
1964 03 07 00 3.01989006996155 3.01989316940308 3.01987504959106 3.01982402801514 3.01974201202393 3.01927351951599 3.01829671859741 3.01306676864624
1964 03 08 00 3.12970614433289 3.12970614433289 3.12970614433289 3.12970614433289 3.12970614433289 3.12970614433289 3.12969946861267 3.12241768836975
1964 03 09 00 3.32890105247498 3.31818842887878 3.30348205566406 3.28487467765808 3.26198220252991 3.24616074562073 3.23175024986267 3.22853636741638
1964 03 10 00 3.32672810554504 3.32599472999573 3.32512927055359 3.32425594329834 3.32297897338867 3.32085585594177 3.31364440917969 3.29538655281067
1964 03 11 00 3.39393472671509 3.39328527450562 3.39243817329407 3.39156603813171 3.39072823524475 3.39003825187683 3.38983082771301 3.39242124557495
1964 03 12 00 3.36492323875427 3.36465668678284 3.36465668678284 3.36465668678284 3.36465668678284 3.36465668678284 3.36465668678284 3.36465668678284
1964 03 13 00 3.29298377037048 3.29315805435181 3.29234099388123 3.29139685630798 3.29057359695435 3.2899796962738 3.29018998146057 3.29825949668884
1964 03 14 00 3.17395448684692 3.17424011230469 3.17375230789185 3.17310929298401 3.17247343063354 3.17201685905457 3.17266869544983 3.20501589775085
1964 03 15 00 3.17570734024048 3.17450928688049 3.17332220077515 3.17213225364685 3.17083835601807 3.16919684410095 3.16559958457947 3.17744088172913
1964 03 16 00 3.26812291145325 3.2658679485321 3.26410055160522 3.26241731643677 3.26052641868591 3.25790548324585 3.25337791442871 3.23559808731079
1964 03 17 00 3.42246031761169 3.41992425918579 3.41803622245789 3.41666650772095 3.4154896736145 3.41427755355835 3.41181063652039 3.39955353736877
1964 03 18 00 3.5312066078186 3.52930521965027 3.52729225158691 3.52499127388 3.52233362197876 3.5191638469696 3.51546454429626 3.50928783416748
1964 03 19 00 3.68864226341248 3.67189240455627 3.63853645324707 3.58144664764404 3.55779433250427 3.55196070671082 3.54618525505066 3.58876061439514
1964 03 20 00 3.78973317146301 3.77811670303345 3.76310634613037 3.73270988464355 3.67686915397644 3.63617420196533 3.59760928153992 3.64735293388367
1964 03 21 00 3.78210496902466 3.78094029426575 3.77958965301514 3.777916431427 3.77596521377563 3.77247309684753 3.75688529014587 3.70918536186218
1964 03 22 00 3.78706121444702 3.7589328289032 3.73777914047241 3.72589612007141 3.70956683158875 3.69498443603516 3.69296836853027 3.69168496131897
1964 03 23 00 3.77547574043274 3.77337121963501 3.77059984207153 3.7674868106842 3.76420736312866 3.76071882247925 3.7566134929657 3.75045275688171
1964 03 24 00 4.08586549758911 3.94079160690308 3.85156583786011 3.81747817993164 3.80252552032471 3.79784250259399 3.79785966873169 3.83274292945862
1964 03 25 00 4.1306004524231 4.11464548110962 4.04014539718628 4.00297546386719 3.98273658752441 3.96823906898499 3.95101261138916 3.95487475395203
1964 03 26 00 4.19171619415283 4.18862199783325 4.18620252609253 4.18395948410034 4.18165254592896 4.17910003662109 4.17555570602417 4.17104959487915
1964 03 27 00 4.35555028915405 4.33420133590698 4.29676723480225 4.25498867034912 4.22568273544312 4.21181106567383 4.20358371734619 4.23147964477539
1964 03 28 00 4.42708301544189 4.41979122161865 4.41096973419189 4.40097665786743 4.38834857940674 4.37017250061035 4.31746816635132 4.275062084198
1964 03 29 00 4.44928455352783 4.44723176956177 4.44554662704468 4.44401979446411 4.44250106811523 4.44074440002441 4.43888807296753 4.43422698974609
1964 03 30 00 4.47309827804565 4.47272205352783 4.47237730026245 4.47200536727905 4.47184562683105 4.47187852859497 4.47186756134033 4.4715518951416
1964 03 31 00 4.37466859817505 4.37420749664307 4.37283420562744 4.37103176116943 4.36797142028809 4.36077451705933 4.35695219039917 4.35585832595825
1964 04 01 00 4.34770011901855 4.34770011901855 4.3476996421814 4.34764242172241 4.34754800796509 4.34748792648315 4.34750413894653 4.34795904159546
1964 04 02 00 4.32804489135742 4.32804489135742 4.32804489135742 4.32804489135742 4.32804489135742 4.32804489135742 4.32804489135742 4.32804489135742
1964 04 03 00 4.41512537002563 4.41234302520752 4.41034936904907 4.40897083282471 4.40788316726685 4.4070348739624 4.4057993888855 4.381432056427
1964 04 04 00 4.46011734008789 4.46011734008789 4.46011734008789 4.46011734008789 4.46011734008789 4.45999813079834 4.46197605133057 4.46768236160278
1964 04 05 00 4.46088933944702 4.46088933944702 4.46088933944702 4.46088933944702 4.46088933944702 4.46085357666016 4.46153163909912 4.50498867034912
1964 04 06 00 4.49475622177124 4.4947829246521 4.4946174621582 4.49200248718262 4.48815774917603 4.48133611679077 4.45486736297607 4.53357124328613
1964 04 07 00 4.55528783798218 4.55398035049438 4.55222415924072 4.55034255981445 4.54844379425049 4.54686164855957 4.53174686431885 4.56057119369507
1964 04 08 00 4.71922874450684 4.71508979797363 4.71311092376709 4.70838928222656 4.70203113555908 4.68817186355591 4.60674858093262 4.60127973556519
1964 04 09 00 4.92580223083496 4.91575813293457 4.88046836853027 4.81530380249023 4.81198883056641 4.80424880981445 4.64048624038696 4.64757013320923
1964 04 10 00 5.17331695556641 5.08109378814697 5.0074257850647 4.905677318573 4.87858724594116 4.80654859542847 4.66276359558105 4.68674468994141
1964 04 11 00 5.28253316879272 5.26678848266602 5.24778461456299 5.22179889678955 5.17122650146484 4.91884851455688 4.71082735061646 4.7518424987793
1964 04 12 00 5.25789642333984 5.25489091873169 5.25239324569702 5.24950885772705 5.24587535858154 5.23877048492432 5.19128465652466 5.11351823806763
1964 04 13 00 5.38214159011841 5.38221120834351 5.38224649429321 5.38227415084839 5.38230895996094 5.38235139846802 5.38244581222534 5.3827805519104
1964 04 14 00 5.44486141204834 5.44402933120728 5.44366502761841 5.44343376159668 5.44320917129517 5.44294929504395 5.4425573348999 5.44087839126587
1964 04 15 00 5.56892585754395 5.56824111938477 5.56823301315308 5.56821537017822 5.56818866729736 5.56811046600342 5.56787300109863 5.56703853607178
1964 04 16 00 5.69963407516479 5.69963407516479 5.69963407516479 5.69963407516479 5.69963407516479 5.69963407516479 5.69963407516479 5.69963407516479
1964 04 17 00 5.87411785125732 5.87411785125732 5.87411785125732 5.87411785125732 5.87411785125732 5.87141466140747 5.85894060134888 5.81119155883789
1964 04 18 00 5.98088502883911 5.98094081878662 5.98078680038452 5.98050212860107 5.98015308380127 5.97939682006836 5.96137952804565 5.91245794296265
1964 04 19 00 6.38881301879883 6.34330034255981 6.15441036224365 6.09759092330933 6.08354711532593 6.07536649703979 6.06455516815186 6.01037406921387
1964 04 20 00 6.5316276550293 6.47810173034668 6.39551877975464 6.34891891479492 6.33242177963257 6.32299375534058 6.26764869689941 6.09967851638794
1964 04 21 00 6.73941564559937 6.72319555282593 6.71010494232178 6.68537569046021 6.67079734802246 6.63736009597778 6.34410524368286 6.23813533782959
1964 04 22 00 7.38686895370483 7.08353900909424 6.91477108001709 6.87450885772705 6.86049652099609 6.82963466644287 6.54309415817261 6.41891527175903
1964 04 23 00 7.29133129119873 7.27862310409546 7.24301767349243 7.20720958709717 7.17145109176636 7.05775785446167 6.64516019821167 6.54248046875
1964 04 24 00 7.32838773727417 7.32116365432739 7.31340789794922 7.30844974517822 7.30607461929321 7.27344179153442 6.74125719070435 6.57483243942261
1964 04 25 00 7.64310359954834 7.61179065704346 7.55997705459595 7.51023960113525 7.464439868927 7.30305528640747 6.85830450057983 6.69924831390381
1964 04 26 00 8.05555820465088 7.97859334945679 7.90556526184082 7.84326457977295 7.7461462020874 7.30647611618042 6.96346998214722 6.82250070571899
1964 04 27 00 8.06096839904785 8.05371761322021 8.04394721984863 8.03061199188232 8.00213432312012 7.67971849441528 7.05667924880981 6.86938667297363
1964 04 28 00 7.94938945770264 7.94752359390259 7.94425106048584 7.93992567062378 7.93313932418823 7.90666723251343 7.12775897979736 6.90248870849609
1964 04 29 00 8.07650089263916 8.01817226409912 7.97104358673096 7.9398193359375 7.91816473007202 7.81179475784302 7.30103397369385 7.02749824523926
1964 04 30 00 8.20461177825928 8.17175674438477 8.13894271850586 8.11839866638184 8.10428428649902 8.07408714294434 7.76827716827393 7.27060317993164
1964 05 01 00 8.45635414123535 8.37271690368652 8.27051162719727 8.19631385803223 8.16382789611816 8.10587882995605 7.85842180252075 7.3991527557373
1964 05 02 00 8.7138786315918 8.67814064025879 8.53014183044434 8.37039852142334 8.28326606750488 8.16754722595215 7.95484972000122 7.62665605545044
1964 05 03 00 8.88034152984619 8.86199283599854 8.80908203125 8.64217853546143 8.52603149414062 8.38866996765137 8.12851428985596 7.81777715682983
1964 05 04 00 9.17631053924561 9.06960010528564 8.98445606231689 8.92693519592285 8.88990211486816 8.83049774169922 8.76385688781738 8.24675750732422
1964 05 05 00 9.17511749267578 9.16883182525635 9.16207695007324 9.1498498916626 9.12076854705811 9.04932880401611 8.93588447570801 8.37763214111328
1964 05 06 00 9.35772514343262 9.3060998916626 9.22255039215088 9.09012126922607 9.06057739257812 9.03157711029053 8.92035865783691 8.77748680114746
1964 05 07 00 9.24325180053711 9.24089336395264 9.23669528961182 9.22434616088867 9.17733383178711 9.12864017486572 9.01401138305664 8.76526641845703
1964 05 08 00 9.19622898101807 9.16197395324707 9.11722373962402 9.05874156951904 9.02162742614746 8.99165916442871 8.97087860107422 8.7905158996582
1964 05 09 00 9.31023597717285 9.30328273773193 9.29434871673584 9.28175735473633 9.25474643707275 9.19791221618652 9.01634693145752 8.76443862915039
1964 05 10 00 9.16391277313232 9.16338157653809 9.16245746612549 9.16148090362549 9.16023635864258 9.15828037261963 9.15280723571777 9.07431697845459
1964 05 11 00 9.26009082794189 9.19795227050781 9.04923629760742 8.98925399780273 8.95200634002686 8.90963745117188 8.89737224578857 8.89536952972412
1964 05 12 00 9.54313278198242 9.45142936706543 9.36203098297119 9.30536556243896 9.2713451385498 9.22623538970947 9.1467456817627 9.11162853240967
1964 05 13 00 9.16867160797119 9.16726303100586 9.16629981994629 9.16509914398193 9.16483116149902 9.16483116149902 9.16483116149902 9.16483116149902
1964 05 14 00 8.96241569519043 8.95948696136475 8.95621681213379 8.95166683197021 8.9486026763916 8.94818496704102 8.94850254058838 8.95156192779541
1964 05 15 00 9.32133388519287 9.19922256469727 9.04332828521729 8.97719287872314 8.95828914642334 8.9596529006958 8.97379970550537 8.99305534362793
1964 05 16 00 9.64929676055908 9.61192798614502 9.54994869232178 9.45815467834473 9.39610958099365 9.35167121887207 9.24984645843506 9.19844150543213
1964 05 17 00 9.39136981964111 9.38869571685791 9.38569450378418 9.38271999359131 9.38009166717529 9.37821578979492 9.37892150878906 9.39426803588867
1964 05 18 00 9.44670867919922 9.39096260070801 9.35284996032715 9.3300256729126 9.31602668762207 9.30763721466064 9.31171035766602 9.31379985809326
1964 05 19 00 9.76917839050293 9.6547737121582 9.50685214996338 9.45000839233398 9.45000839233398 9.45000839233398 9.45000839233398 9.4499979019165
1964 05 20 00 10.3449325561523 10.1388158798218 9.82009315490723 9.62098026275635 9.54999351501465 9.51132583618164 9.51042366027832 9.51268100738525
1964 05 21 00 10.3247871398926 10.3035335540771 10.215537071228 10.0499505996704 9.59393978118896 9.54205989837646 9.53920936584473 9.54750919342041
1964 05 22 00 10.2111177444458 10.2040100097656 10.1933126449585 10.1731967926025 10.0385828018188 9.62615299224854 9.58608436584473 9.59005546569824
1964 05 23 00 10.2941627502441 10.2717247009277 10.2386226654053 10.1716909408569 10.1098985671997 9.89312362670898 9.70098876953125 9.64681816101074
1964 05 24 00 10.9375333786011 10.6356401443481 10.3696899414062 10.2344303131104 10.0619144439697 9.89972305297852 9.73163032531738 9.74971103668213
1964 05 25 00 11.6941499710083 11.5441761016846 10.7764616012573 10.421576499939 10.2403974533081 10.0734624862671 9.95578479766846 9.95097732543945
1964 05 26 00 11.4733791351318 11.4582166671753 11.4041900634766 10.8564825057983 10.3562641143799 10.1703615188599 10.0703601837158 10.0687532424927
1964 05 27 00 11.0384769439697 11.0352630615234 11.0291204452515 11.0168256759644 10.8714036941528 10.5966711044312 10.3335218429565 10.2929754257202
1964 05 28 00 11.1749877929688 11.1519908905029 11.116135597229 11.0724506378174 11.0391721725464 11.0118618011475 10.69642162323 10.5050716400146
1964 05 29 00 11.4250316619873 11.3978204727173 11.3542308807373 11.3100709915161 11.2916145324707 11.284029006958 11.2694683074951 11.0831527709961
1964 05 30 00 11.5462627410889 11.5223913192749 11.5015487670898 11.4869146347046 11.4747486114502 11.461766242981 11.4391565322876 11.364782333374
1964 05 31 00 11.5156850814819 11.5002775192261 11.4775991439819 11.4454250335693 11.4094610214233 11.3727655410767 11.3559923171997 11.3506202697754
1964 06 01 00 11.7777366638184 11.7017669677734 11.6459484100342 11.612774848938 11.5865726470947 11.5692834854126 11.5661602020264 11.5583477020264
1964 06 02 00 11.8022108078003 11.7898817062378 11.7751903533936 11.7576398849487 11.7378273010254 11.706958770752 11.6595220565796 11.6191778182983
1964 06 03 00 11.9610147476196 11.9547967910767 11.9484643936157 11.9420919418335 11.9357242584229 11.9297647476196 11.9246006011963 11.918550491333
1964 06 04 00 12.079122543335 12.039231300354 11.9770936965942 11.9259462356567 11.8967132568359 11.8719701766968 11.8574571609497 11.858528137207
1964 06 05 00 12.7578058242798 12.6891117095947 12.5135345458984 12.3795003890991 12.2222337722778 12.1121921539307 12.0708322525024 12.0612363815308
1964 06 06 00 13.1398630142212 13.1092042922974 13.0736389160156 13.0364780426025 12.9985237121582 12.924165725708 12.682149887085 12.3297901153564
1964 06 07 00 13.2702808380127 13.2363586425781 13.1973714828491 13.1640472412109 13.051420211792 13.0290832519531 12.7138042449951 12.4167890548706
1964 06 08 00 13.5506401062012 13.4171962738037 13.2757883071899 13.2266998291016 13.2003507614136 13.1770629882812 12.7711658477783 12.5277280807495
1964 06 09 00 13.9165000915527 13.9036417007446 13.8393907546997 13.7718839645386 13.7102928161621 13.5625324249268 13.0097913742065 12.731858253479
1964 06 10 00 14.6159648895264 14.5494794845581 14.3886280059814 14.2902793884277 14.2590093612671 14.1802625656128 13.5492877960205 13.0074710845947
1964 06 11 00 15.2863817214966 15.0922794342041 14.8205337524414 14.5295886993408 14.3847618103027 14.1752557754517 13.5493068695068 13.109185218811
1964 06 12 00 15.9408235549927 15.6544713973999 15.3549566268921 15.0251493453979 14.552921295166 14.2605657577515 13.7152900695801 13.3105316162109
1964 06 13 00 16.6465759277344 16.4003868103027 15.7200374603271 15.2394199371338 14.8117733001709 14.3330316543579 13.7807426452637 13.4367656707764
1964 06 14 00 16.4177551269531 16.4084949493408 16.2815208435059 15.5238304138184 15.014573097229 14.4009628295898 13.8207902908325 13.5292520523071
1964 06 15 00 15.1822481155396 15.1794061660767 15.1778173446655 15.1753482818604 15.170786857605 15.1491088867188 13.7954378128052 13.4950466156006
1964 06 16 00 15.216685295105 15.2075929641724 15.2041320800781 15.2029619216919 15.2011060714722 15.1803283691406 14.068018913269 13.5516653060913
1964 06 17 00 15.8639783859253 15.7221174240112 15.6108465194702 15.5509090423584 15.5289878845215 15.4936895370483 14.6694364547729 13.9253730773926
1964 06 18 00 15.6675634384155 15.6659364700317 15.6626958847046 15.6582717895508 15.6523151397705 15.638744354248 15.3747434616089 14.32825756073
1964 06 19 00 14.9871311187744 14.9871311187744 14.9866724014282 14.98548412323 14.9838838577271 14.9811191558838 14.9707765579224 14.6997861862183
1964 06 20 00 14.6581621170044 14.657621383667 14.6570329666138 14.6567115783691 14.6565361022949 14.6565341949463 14.6565341949463 14.6573352813721
1964 06 21 00 14.7372188568115 14.7249069213867 14.7084112167358 14.6887283325195 14.6784992218018 14.6700258255005 14.6632432937622 14.6582469940186
1964 06 22 00 14.9365043640137 14.9243764877319 14.9095582962036 14.896632194519 14.8860902786255 14.8754377365112 14.8484659194946 14.7235498428345
1964 06 23 00 14.8395223617554 14.8424663543701 14.8433628082275 14.842999458313 14.8423480987549 14.8423662185669 14.8453226089478 14.7247848510742
1964 06 24 00 14.5196323394775 14.5197305679321 14.5199813842773 14.5194444656372 14.5192289352417 14.5200281143188 14.5217161178589 14.5243511199951
1964 06 25 00 14.4901790618896 14.4709711074829 14.4506568908691 14.4307079315186 14.4096546173096 14.3760528564453 14.3555850982666 14.3458251953125
1964 06 26 00 14.7620477676392 14.7408409118652 14.7042560577393 14.6628866195679 14.6286907196045 14.5888662338257 14.5350494384766 14.5070314407349
1964 06 27 00 15.7198657989502 15.2822074890137 15.0671672821045 15.0189695358276 14.9409275054932 14.8656225204468 14.7389726638794 14.7126350402832
1964 06 28 00 16.5179309844971 16.208423614502 15.3562059402466 15.2082052230835 15.1380367279053 15.0656118392944 14.9272594451904 14.8742017745972
1964 06 29 00 16.9776763916016 16.8826389312744 15.6659984588623 15.3544969558716 15.2706050872803 15.2109451293945 15.0812110900879 14.9973449707031
1964 06 30 00 17.3750877380371 17.2159557342529 16.1782989501953 15.4697761535645 15.3509016036987 15.2815866470337 15.1542453765869 15.112587928772
1964 07 01 00 18.0722560882568 17.8850154876709 16.7593784332275 15.6808614730835 15.4571781158447 15.372727394104 15.2402935028076 15.2456121444702
1964 07 02 00 17.5592021942139 17.5456733703613 17.517053604126 17.3789081573486 16.248649597168 15.4962368011475 15.2948942184448 15.3029251098633
1964 07 03 00 17.8363189697266 17.793758392334 17.70583152771 17.5019989013672 17.3570137023926 16.257884979248 15.3428039550781 15.2940845489502
1964 07 04 00 18.7029628753662 18.4089183807373 18.1085262298584 17.7874965667725 17.2002067565918 16.1134128570557 15.1869020462036 15.1265048980713
1964 07 05 00 19.4269199371338 19.2757625579834 18.368860244751 17.8150291442871 17.1167316436768 16.0531177520752 15.0979795455933 15.0469188690186
1964 07 06 00 18.9997425079346 18.9844017028809 18.9087982177734 18.3831634521484 17.356315612793 15.7667865753174 15.0235261917114 14.9818716049194
1964 07 07 00 18.8748989105225 18.736644744873 18.6093311309814 18.4698276519775 17.9562683105469 15.7689189910889 15.0412797927856 14.9895000457764
1964 07 08 00 18.2049331665039 18.1984558105469 18.1847629547119 18.1476593017578 17.9161205291748 17.2021465301514 16.0727558135986 15.2156753540039
1964 07 09 00 16.8351764678955 16.8348197937012 16.8335208892822 16.8311367034912 16.8276081085205 16.8206729888916 16.7899913787842 16.6051959991455
1964 07 10 00 15.9509658813477 15.9504375457764 15.9495725631714 15.9476585388184 15.9462633132935 15.9445915222168 15.9419584274292 15.9363536834717
1964 07 11 00 16.0816020965576 16.0622386932373 16.0224723815918 15.9773836135864 15.9243202209473 15.8726739883423 15.847282409668 15.8473348617554
1964 07 12 00 16.8400802612305 16.5635013580322 16.3821086883545 16.3125076293945 16.245044708252 16.1160049438477 16.0193405151367 16.0127658843994
1964 07 13 00 17.0187015533447 17.0081272125244 16.9827690124512 16.8968677520752 16.7953586578369 16.6201820373535 16.2869529724121 16.1553955078125
1964 07 14 00 17.0986995697021 17.0889110565186 17.0740909576416 17.0622577667236 17.05446434021 17.0419425964355 16.6837520599365 16.3038578033447
1964 07 15 00 17.2172775268555 17.2128105163574 17.2068424224854 17.200288772583 17.2000370025635 17.2000370025635 17.2000370025635 16.6637268066406
1964 07 16 00 17.656213760376 17.6246662139893 17.5749969482422 17.5285949707031 17.492826461792 17.4814014434814 17.4545745849609 17.001838684082
1964 07 17 00 18.3673934936523 18.3053798675537 18.1725902557373 18.1137180328369 18.0881156921387 18.0651912689209 17.9056396484375 17.2642860412598
1964 07 18 00 18.484525680542 18.4658546447754 18.4398059844971 18.4221534729004 18.4070129394531 18.3860645294189 18.3078842163086 17.998966217041
1964 07 19 00 18.6209468841553 18.5551300048828 18.5052146911621 18.4812793731689 18.4689826965332 18.4522304534912 18.2773742675781 18.0750427246094
1964 07 20 00 18.3198108673096 18.316104888916 18.3116264343262 18.3076267242432 18.3045558929443 18.3019828796387 18.2925109863281 18.195384979248
1964 07 21 00 18.4363689422607 18.435245513916 18.4328746795654 18.4297008514404 18.4261436462402 18.4218158721924 18.413013458252 18.2407646179199
1964 07 22 00 18.8186321258545 18.5654182434082 18.4128742218018 18.3641166687012 18.3446884155273 18.3334102630615 18.325626373291 18.2661991119385
1964 07 23 00 18.8577251434326 18.8201942443848 18.743350982666 18.6492500305176 18.5695610046387 18.4497509002686 18.3733062744141 18.3229141235352
1964 07 24 00 18.9354209899902 18.8770866394043 18.7636833190918 18.6961860656738 18.6691589355469 18.6338939666748 18.5434818267822 18.3902263641357
1964 07 25 00 18.7627105712891 18.7555351257324 18.7486133575439 18.742733001709 18.7370491027832 18.7272605895996 18.6931934356689 18.6457996368408
1964 07 26 00 18.0907821655273 18.0907802581787 18.0907440185547 18.0899486541748 18.0894012451172 18.0893058776855 18.0894832611084 18.0895023345947
1964 07 27 00 17.6468410491943 17.6390762329102 17.6202068328857 17.5856113433838 17.540620803833 17.5098667144775 17.4867725372314 17.492244720459
1964 07 28 00 17.2982311248779 17.2929534912109 17.2856426239014 17.2773628234863 17.2693405151367 17.2630920410156 17.2580680847168 17.2567024230957
1964 07 29 00 16.9689960479736 16.9690456390381 16.9681072235107 16.9663391113281 16.9644069671631 16.9625434875488 16.9612274169922 16.9611110687256
1964 07 30 00 16.4061241149902 16.4061241149902 16.4061241149902 16.4058742523193 16.4057083129883 16.4057083129883 16.4057083129883 16.4057083129883
1964 07 31 00 15.9879941940308 15.9879941940308 15.98792552948 15.9869117736816 15.9862537384033 15.9868631362915 15.9868631362915 15.9868631362915
1964 08 01 00 16.0940380096436 15.985405921936 15.8987598419189 15.8722038269043 15.8624725341797 15.8590040206909 15.8579969406128 15.8568449020386
1964 08 02 00 16.7968788146973 16.4777164459229 16.1798133850098 16.0010986328125 15.9571256637573 15.9387874603271 15.9221982955933 15.9087371826172
1964 08 03 00 17.2051544189453 17.1911735534668 17.0340194702148 16.6141738891602 16.1746883392334 16.0536994934082 16.011697769165 15.9905195236206
1964 08 04 00 17.8327579498291 17.7950668334961 17.7276763916016 17.5707149505615 17.2034378051758 16.2693119049072 16.0612812042236 16.0578327178955
1964 08 05 00 17.8913097381592 17.866886138916 17.8409175872803 17.8137340545654 17.7530059814453 16.9835319519043 16.1020412445068 16.0741424560547
1964 08 06 00 18.3318347930908 18.1434459686279 17.8881320953369 17.8356285095215 17.7941017150879 16.7966918945312 16.084508895874 16.0808372497559
1964 08 07 00 19.1315078735352 18.9094753265381 18.2713890075684 17.9776630401611 17.826717376709 16.8255825042725 16.1755676269531 16.1641483306885
1964 08 08 00 18.5122909545898 18.505256652832 18.4906845092773 18.435905456543 18.1720294952393 16.6122779846191 16.1769847869873 16.1748752593994
1964 08 09 00 18.4704914093018 18.4458522796631 18.4095764160156 18.3825225830078 18.330379486084 17.301570892334 16.3723564147949 16.3416538238525
1964 08 10 00 19.014591217041 18.9555358886719 18.8114471435547 18.7496585845947 18.7336483001709 17.9862461090088 16.9719638824463 16.711555480957
1964 08 11 00 19.2355308532715 19.1669979095459 18.9290256500244 18.8743953704834 18.8581962585449 18.655366897583 17.6881980895996 17.0921688079834
1964 08 12 00 19.6822147369385 19.6479835510254 19.3080558776855 19.0437145233154 18.9776916503906 18.8069953918457 18.0099067687988 17.375358581543
1964 08 13 00 19.4663829803467 19.4502029418945 19.4299831390381 19.3911571502686 19.3613719940186 19.3144607543945 18.2309722900391 17.5291595458984
1964 08 14 00 19.4585781097412 19.455493927002 19.4500980377197 19.4426822662354 19.4313144683838 19.4083385467529 19.2991962432861 18.2082786560059
1964 08 15 00 19.694522857666 19.6924858093262 19.6887111663818 19.6837577819824 19.6769790649414 19.6659355163574 19.6375331878662 19.4670944213867
1964 08 16 00 19.8064346313477 19.804536819458 19.8015098571777 19.797384262085 19.7915458679199 19.781192779541 19.7485313415527 19.4379940032959
1964 08 17 00 19.5848636627197 19.5847778320312 19.5837821960449 19.5818653106689 19.5790824890137 19.5741386413574 19.5558662414551 19.2620067596436
1964 08 18 00 18.9101448059082 18.9088230133057 18.9053955078125 18.899881362915 18.8899307250977 18.8632411956787 18.6741561889648 17.1438617706299
1964 08 19 00 17.9888763427734 17.9862670898438 17.9822940826416 17.9768161773682 17.9688148498535 17.9501438140869 17.7367115020752 16.7262191772461
1964 08 20 00 17.7178401947021 17.6942768096924 17.6419868469238 17.5416774749756 17.5004501342773 17.4536914825439 16.8371257781982 14.9952020645142
1964 08 21 00 17.5058040618896 17.4691619873047 17.3763828277588 17.1842460632324 17.1057624816895 17.0439720153809 16.0375289916992 14.3456220626831
1964 08 22 00 17.6284809112549 17.6018772125244 17.554931640625 17.1610946655273 16.4502372741699 16.2035732269287 15.1632633209229 13.9004516601562
1964 08 23 00 18.263484954834 18.2440891265869 18.1814804077148 17.5657920837402 15.803240776062 15.456169128418 14.6040992736816 13.498948097229
1964 08 24 00 18.4222850799561 18.3978881835938 18.3030853271484 17.7145309448242 15.5828809738159 14.9174785614014 14.1783037185669 13.055248260498
1964 08 25 00 17.6382942199707 17.6294174194336 17.6097927093506 17.3878898620605 16.4509582519531 14.9763832092285 13.7526865005493 13.1838293075562
1964 08 26 00 17.0522155761719 17.0178833007812 16.9429740905762 16.8435573577881 16.6959972381592 15.7519245147705 14.1268768310547 13.5448589324951
1964 08 27 00 17.3110294342041 17.2824306488037 17.2396011352539 17.1589012145996 16.8209400177002 16.1089572906494 14.4236183166504 13.5773878097534
1964 08 28 00 17.8162498474121 17.7825679779053 17.7146797180176 17.6415596008301 17.4437294006348 16.5425758361816 14.7561464309692 13.576000213623
1964 08 29 00 18.165620803833 17.9769477844238 17.8638076782227 17.8316173553467 17.8273296356201 17.3276329040527 15.3623867034912 14.0667266845703
1964 08 30 00 18.4404907226562 18.3236141204834 17.8546390533447 17.6925792694092 17.6831398010254 17.3557376861572 15.9241828918457 14.8739852905273
1964 08 31 00 18.5182037353516 18.4983386993408 18.0282096862793 17.5791625976562 17.5451145172119 17.1437129974365 16.1062393188477 15.1863327026367
1964 09 01 00 18.6745052337646 18.5884017944336 18.4226207733154 17.9077682495117 17.5729141235352 17.0371532440186 16.1851749420166 15.5257816314697
1964 09 02 00 18.3252506256104 18.3218688964844 18.3136672973633 18.2993412017822 18.2522010803223 17.0992527008057 15.9963064193726 15.9358978271484
1964 09 03 00 18.2852764129639 18.2795066833496 18.2645454406738 18.2526893615723 18.1816272735596 17.228271484375 16.201753616333 16.1805477142334
1964 09 04 00 18.3338031768799 18.3280601501465 18.3141956329346 18.299674987793 18.2389297485352 17.2482433319092 16.4354286193848 16.3216724395752
1964 09 05 00 18.0372180938721 18.0365962982178 18.0325756072998 18.0260906219482 18.0130710601807 17.8385620117188 16.9381484985352 16.553430557251
1964 09 06 00 17.8058986663818 17.8059883117676 17.8051891326904 17.8034801483154 17.8013610839844 17.7988319396973 17.7943210601807 17.777437210083
1964 09 07 00 17.521635055542 17.521635055542 17.5215034484863 17.520923614502 17.520694732666 17.520694732666 17.520694732666 17.520694732666
1964 09 08 00 17.4725341796875 17.4717617034912 17.4690780639648 17.4657859802246 17.4636478424072 17.4626598358154 17.4619560241699 17.4614162445068
1964 09 09 00 17.5036449432373 17.5012836456299 17.4951248168945 17.4874114990234 17.4786071777344 17.4664859771729 17.4604434967041 17.4598083496094
1964 09 10 00 17.5147094726562 17.5116806030273 17.5062084197998 17.4995994567871 17.4929351806641 17.4870662689209 17.4823036193848 17.4780235290527
1964 09 11 00 17.4826049804688 17.4825382232666 17.4820613861084 17.480993270874 17.4798278808594 17.4786968231201 17.4779396057129 17.4784030914307
1964 09 12 00 17.4916458129883 17.4900875091553 17.4877624511719 17.4846935272217 17.4813804626465 17.4779472351074 17.4748096466064 17.4732933044434
1964 09 13 00 17.4508399963379 17.450704574585 17.4504299163818 17.4497032165527 17.4489212036133 17.4482231140137 17.4480876922607 17.4478645324707
1964 09 14 00 17.5045471191406 17.4987869262695 17.4898281097412 17.4809608459473 17.4719734191895 17.460147857666 17.4451999664307 17.4381790161133
1964 09 15 00 17.4885520935059 17.4882354736328 17.4875507354736 17.4863166809082 17.4851875305176 17.4839515686035 17.482759475708 17.4768867492676
1964 09 16 00 17.4338035583496 17.4325618743896 17.4310111999512 17.4290904998779 17.4276847839355 17.4264965057373 17.4250202178955 17.4222564697266
1964 09 17 00 17.4835205078125 17.4788932800293 17.4735870361328 17.4685688018799 17.4632816314697 17.4595584869385 17.4572086334229 17.4422206878662
1964 09 18 00 17.3739776611328 17.3734264373779 17.3723812103271 17.3705577850342 17.368824005127 17.3675346374512 17.3665351867676 17.3665351867676
1964 09 19 00 17.2486038208008 17.2432918548584 17.2344646453857 17.2263469696045 17.2200794219971 17.2145080566406 17.2117366790771 17.2082080841064
1964 09 20 00 17.0776653289795 17.0776863098145 17.077522277832 17.0767955780029 17.0762557983398 17.0759906768799 17.0759468078613 17.07568359375
1964 09 21 00 16.815372467041 16.8151149749756 16.8141841888428 16.813024520874 16.812141418457 16.8115711212158 16.811315536499 16.8112564086914
1964 09 22 00 16.8283061981201 16.828275680542 16.8273448944092 16.8258399963379 16.824031829834 16.8218593597412 16.8189067840576 16.8122501373291
1964 09 23 00 16.868221282959 16.8637886047363 16.8557548522949 16.846508026123 16.8376140594482 16.8342933654785 16.831880569458 16.818717956543
1964 09 24 00 16.7599449157715 16.7587833404541 16.7564373016357 16.7531986236572 16.7495594024658 16.7455348968506 16.741340637207 16.7314968109131
1964 09 25 00 16.7838401794434 16.7816009521484 16.7770214080811 16.7729835510254 16.7701797485352 16.7687568664551 16.7680377960205 16.767749786377
1964 09 26 00 16.6180973052979 16.6179943084717 16.6176261901855 16.6169090270996 16.6163940429688 16.6162967681885 16.6162986755371 16.6162986755371
1964 09 27 00 16.5950736999512 16.5945510864258 16.5925025939941 16.5894203186035 16.5862712860107 16.584171295166 16.5814323425293 16.5726356506348
1964 09 28 00 16.6538028717041 16.6536808013916 16.6529083251953 16.651403427124 16.6506576538086 16.6503105163574 16.6496620178223 16.6290302276611
1964 09 29 00 16.6917476654053 16.6917476654053 16.6915531158447 16.690860748291 16.6904067993164 16.6904926300049 16.689977645874 16.6912708282471
1964 09 30 00 16.7187843322754 16.7161178588867 16.694055557251 16.6820583343506 16.672924041748 16.6696853637695 16.6699180603027 16.7277183532715
1964 10 01 00 16.6304874420166 16.630407333374 16.6294803619385 16.6277732849121 16.6263427734375 16.6257362365723 16.6270980834961 16.7219066619873
1964 10 02 00 16.5771579742432 16.5769023895264 16.5762844085693 16.5758152008057 16.5754623413086 16.5755939483643 16.5759010314941 16.6031646728516
1964 10 03 00 16.5260581970215 16.5100364685059 16.4795150756836 16.4590396881104 16.449857711792 16.4446468353271 16.4468307495117 16.4368267059326
1964 10 04 00 16.5011348724365 16.4977798461914 16.4940814971924 16.5043773651123 16.5041465759277 16.4982452392578 16.5012378692627 16.4745082855225
1964 10 05 00 16.5004959106445 16.4970245361328 16.4802837371826 16.4699993133545 16.4625110626221 16.4581718444824 16.4546203613281 16.4804821014404
1964 10 06 00 16.4178504943848 16.4181423187256 16.4179420471191 16.4175891876221 16.417329788208 16.4177780151367 16.4238262176514 16.4387340545654
1964 10 07 00 16.1909961700439 16.1909961700439 16.1909961700439 16.1909961700439 16.1909961700439 16.1909961700439 16.1909961700439 16.1909961700439
1964 10 08 00 15.8955841064453 15.8955841064453 15.8955841064453 15.8955841064453 15.8955841064453 15.8955841064453 15.8955841064453 15.8955841064453
1964 10 09 00 15.6287603378296 15.6287603378296 15.6287603378296 15.6287603378296 15.6287603378296 15.6287603378296 15.6287603378296 15.6287603378296
1964 10 10 00 15.3221731185913 15.3221731185913 15.3221960067749 15.3218288421631 15.3217554092407 15.3217639923096 15.3220329284668 15.3237180709839
1964 10 11 00 15.0774984359741 15.0774984359741 15.0776042938232 15.0770721435547 15.0766859054565 15.0771894454956 15.0798759460449 15.1099233627319
1964 10 12 00 14.7604131698608 14.7604131698608 14.7605180740356 14.7601680755615 14.7600955963135 14.7614145278931 14.7630529403687 14.7650623321533
1964 10 13 00 14.4485235214233 14.4485235214233 14.4484519958496 14.4480838775635 14.44762134552 14.4475173950195 14.4490079879761 14.4554681777954
1964 10 14 00 14.1992950439453 14.1992950439453 14.1992464065552 14.1991939544678 14.1992721557617 14.199634552002 14.2014093399048 14.2014093399048
1964 10 15 00 13.52210521698 13.52210521698 13.52210521698 13.52210521698 13.52210521698 13.52210521698 13.52210521698 13.52210521698
1964 10 16 00 12.909478187561 12.9094829559326 12.9093894958496 12.909197807312 12.9088945388794 12.9082593917847 12.9077749252319 12.9077749252319
1964 10 17 00 12.6802139282227 12.6784334182739 12.6762542724609 12.6735734939575 12.6702480316162 12.6654949188232 12.6645565032959 12.6645565032959
1964 10 18 00 12.4118194580078 12.4092359542847 12.4122085571289 12.4121236801147 12.4120244979858 12.4121427536011 12.4135637283325 12.4137592315674
1964 10 19 00 12.2223997116089 12.2222347259521 12.222240447998 12.222240447998 12.222240447998 12.222240447998 12.222240447998 12.222240447998
1964 10 20 00 12.1231346130371 12.1225566864014 12.1219902038574 12.1214590072632 12.1209955215454 12.1207914352417 12.1216049194336 12.1216049194336
1964 10 21 00 12.1277780532837 12.127799987793 12.1275596618652 12.1267910003662 12.1258916854858 12.1252527236938 12.1244449615479 12.1238393783569
1964 10 22 00 12.1080656051636 12.1080656051636 12.1080656051636 12.1080656051636 12.1080656051636 12.1080656051636 12.1080656051636 12.1082057952881
1964 10 23 00 12.4205846786499 12.4205484390259 12.420093536377 12.4192800521851 12.4183406829834 12.4173126220703 12.4160385131836 12.4134588241577
1964 10 24 00 12.4292507171631 12.4296407699585 12.4305009841919 12.4313297271729 12.4333658218384 12.4353265762329 12.4373502731323 12.4373502731323
1964 10 25 00 12.173698425293 12.1736612319946 12.1735200881958 12.1729927062988 12.1726999282837 12.1725263595581 12.172474861145 12.172474861145
1964 10 26 00 12.202184677124 12.202317237854 12.198956489563 12.1960277557373 12.1963090896606 12.1972227096558 12.1975650787354 12.1991357803345
1964 10 27 00 12.0757675170898 12.077109336853 12.0757894515991 12.0737991333008 12.0716505050659 12.0697345733643 12.0571260452271 12.0538892745972
1964 10 28 00 12.0801343917847 12.0804767608643 12.0795927047729 12.0781307220459 12.0776300430298 12.0824117660522 12.1031522750854 12.0863513946533
1964 10 29 00 11.9239158630371 11.9241189956665 11.9237375259399 11.9221868515015 11.9207782745361 11.9205846786499 11.9346885681152 12.0496454238892
1964 10 30 00 11.8979520797729 11.8979530334473 11.8968267440796 11.8947896957397 11.8929233551025 11.8923063278198 11.9055233001709 12.06125831604
1964 10 31 00 11.7136564254761 11.7136564254761 11.7134408950806 11.7124538421631 11.7116746902466 11.712423324585 11.7252712249756 11.9073963165283
1964 11 01 00 11.5606527328491 11.5613803863525 11.5603885650635 11.5585870742798 11.5566825866699 11.555100440979 11.5566120147705 11.6909370422363
1964 11 02 00 11.5315923690796 11.5313911437988 11.5304174423218 11.529182434082 11.5278396606445 11.5265960693359 11.5291519165039 11.6458425521851
1964 11 03 00 11.4624500274658 11.4631175994873 11.4626598358154 11.4612131118774 11.4598999023438 11.459792137146 11.4715623855591 11.6052589416504
1964 11 04 00 11.3433151245117 11.3434820175171 11.3419313430786 11.3399038314819 11.3390712738037 11.3393039703369 11.3491582870483 11.5972137451172
1964 11 05 00 11.2249851226807 11.2257833480835 11.2252359390259 11.2244291305542 11.2237987518311 11.2241849899292 11.2340927124023 11.5929527282715
1964 11 06 00 11.161660194397 11.162446975708 11.1626806259155 11.1627922058105 11.1629304885864 11.1633243560791 11.1880941390991 11.4675264358521
1964 11 07 00 11.1932601928711 11.1897802352905 11.1875848770142 11.1856107711792 11.1830911636353 11.1775493621826 11.1842613220215 11.3866062164307
1964 11 08 00 11.2630844116211 11.263087272644 11.2628345489502 11.2624893188477 11.2621650695801 11.2619132995605 11.2626037597656 11.2638034820557
1964 11 09 00 11.2341499328613 11.2342977523804 11.2340669631958 11.233736038208 11.2333984375 11.2331218719482 11.2330284118652 11.2336874008179
1964 11 10 00 11.2659597396851 11.2632446289062 11.261757850647 11.2611722946167 11.2611103057861 11.2610607147217 11.2609548568726 11.2609548568726
1964 11 11 00 11.3443956375122 11.3426351547241 11.3414716720581 11.340479850769 11.3396854400635 11.3392353057861 11.3390007019043 11.3389949798584
1964 11 12 00 11.3576612472534 11.3575611114502 11.3575382232666 11.3571033477783 11.3567199707031 11.3566188812256 11.3566188812256 11.3566188812256
1964 11 13 00 11.2758731842041 11.2760314941406 11.2758045196533 11.2749834060669 11.2741203308105 11.2734851837158 11.2735271453857 11.2757787704468
1964 11 14 00 11.1036233901978 11.1036233901978 11.1035680770874 11.102575302124 11.1016321182251 11.1015348434448 11.1015911102295 11.1020193099976
1964 11 15 00 11.0517463684082 11.0518264770508 11.0522899627686 11.0518159866333 11.0512771606445 11.0513410568237 11.0518751144409 11.0559816360474
1964 11 16 00 10.9325971603394 10.9330263137817 10.9331216812134 10.9329843521118 10.9329271316528 10.9332284927368 10.9346418380737 10.9439010620117
1964 11 17 00 10.879358291626 10.8793630599976 10.8792734146118 10.8790140151978 10.8789834976196 10.8789691925049 10.8789491653442 10.8789224624634
1964 11 18 00 10.916898727417 10.9167671203613 10.9166870117188 10.9166164398193 10.9165573120117 10.9164752960205 10.9163751602173 10.9161262512207
1964 11 19 00 10.9453601837158 10.9463787078857 10.9466409683228 10.9468421936035 10.947021484375 10.9472093582153 10.9474592208862 10.9476623535156
1964 11 20 00 10.9478712081909 10.9494886398315 10.9501981735229 10.9499597549438 10.9494733810425 10.9490194320679 10.9490814208984 10.9519805908203
1964 11 21 00 10.8245220184326 10.8245220184326 10.8245677947998 10.8240146636963 10.8237133026123 10.8237323760986 10.8242254257202 10.8256225585938
1964 11 22 00 10.6200542449951 10.6200542449951 10.6199636459351 10.6182422637939 10.616551399231 10.6157703399658 10.6172409057617 10.635684967041
1964 11 23 00 10.3896884918213 10.3907899856567 10.390887260437 10.3893671035767 10.3879432678223 10.3879022598267 10.3913192749023 10.4132633209229
1964 11 24 00 10.0587043762207 10.0587043762207 10.0586853027344 10.0564384460449 10.0544214248657 10.0543575286865 10.0543575286865 10.0543575286865
1964 11 25 00 9.78879261016846 9.78879261016846 9.78873538970947 9.78827667236328 9.78778839111328 9.78747367858887 9.78739261627197 9.78774356842041
1964 11 26 00 9.65350151062012 9.65350151062012 9.65336132049561 9.65220737457275 9.6510066986084 9.65014171600342 9.65043830871582 9.65717315673828
1964 11 27 00 9.44758987426758 9.44758987426758 9.44757461547852 9.44668006896973 9.44577026367188 9.44537448883057 9.44559097290039 9.44596672058105
1964 11 28 00 9.11832904815674 9.1183443069458 9.11829853057861 9.11758995056152 9.11711502075195 9.11713981628418 9.11718368530273 9.11718368530273
1964 11 29 00 8.91190624237061 8.91190624237061 8.91187763214111 8.9111156463623 8.91053199768066 8.90993881225586 8.91000652313232 8.91082000732422
1964 11 30 00 8.91822338104248 8.91822338104248 8.91806602478027 8.91708278656006 8.91621971130371 8.91549777984619 8.91525268554688 8.91530323028564
1964 12 01 00 9.01285552978516 9.01285552978516 9.01285839080811 9.012375831604 9.01178741455078 9.01164054870605 9.01173877716064 9.01209449768066
1964 12 02 00 8.87179470062256 8.87234115600586 8.87326717376709 8.87385845184326 8.87500762939453 8.87717437744141 8.881911277771 8.91070652008057
1964 12 03 00 8.58703899383545 8.58805751800537 8.58859634399414 8.589035987854 8.58961868286133 8.59063625335693 8.59294319152832 8.60327529907227
1964 12 04 00 8.4711856842041 8.47225856781006 8.47259998321533 8.47276210784912 8.47311305999756 8.47395610809326 8.47620487213135 8.48634147644043
1964 12 05 00 8.66244983673096 8.66260528564453 8.66313171386719 8.66297817230225 8.66292858123779 8.66346168518066 8.66358280181885 8.66358280181885
1964 12 06 00 8.82564067840576 8.82564067840576 8.82565498352051 8.82534027099609 8.82531547546387 8.82531547546387 8.82531547546387 8.82531547546387
1964 12 07 00 8.82417488098145 8.82417678833008 8.82413578033447 8.82378768920898 8.82349491119385 8.82333660125732 8.82333469390869 8.82347297668457
1964 12 08 00 8.7228307723999 8.7228307723999 8.7228307723999 8.72281646728516 8.72281646728516 8.72281646728516 8.72281646728516 8.72281646728516
1964 12 09 00 8.5485954284668 8.5485954284668 8.5485954284668 8.54838275909424 8.54828262329102 8.54828262329102 8.54828262329102 8.54828262329102
1964 12 10 00 8.40160369873047 8.40160369873047 8.40160369873047 8.40160369873047 8.40160369873047 8.40160369873047 8.40160369873047 8.40160369873047
1964 12 11 00 8.18545246124268 8.18545246124268 8.18545246124268 8.18545246124268 8.18545246124268 8.18545246124268 8.18545246124268 8.18545246124268
1964 12 12 00 7.88622808456421 7.88701152801514 7.88660573959351 7.88581800460815 7.88511276245117 7.88477945327759 7.88600254058838 7.90368318557739
1964 12 13 00 7.74506092071533 7.74663257598877 7.74680233001709 7.74669170379639 7.74671792984009 7.74755954742432 7.75173759460449 7.80448532104492
1964 12 14 00 7.6140341758728 7.6141881942749 7.6138916015625 7.61325407028198 7.61275386810303 7.61314153671265 7.62028360366821 7.73480749130249
1964 12 15 00 7.53360223770142 7.5341329574585 7.53433895111084 7.53470516204834 7.53553009033203 7.53654766082764 7.53910970687866 7.54840898513794
1964 12 16 00 7.2094464302063 7.21245431900024 7.21409511566162 7.21593761444092 7.21898317337036 7.2252345085144 7.24017333984375 7.35540723800659
1964 12 17 00 6.92438220977783 6.92330884933472 6.92323970794678 6.92375373840332 6.9249324798584 6.92753028869629 6.93979692459106 7.23518943786621
1964 12 18 00 7.18000316619873 7.17869281768799 7.17804718017578 7.17760515213013 7.17722272872925 7.17669677734375 7.17567157745361 7.24936819076538
1964 12 19 00 7.30203485488892 7.30175971984863 7.30156135559082 7.30138349533081 7.30123710632324 7.30123805999756 7.30115604400635 7.30096435546875
1964 12 20 00 7.34309816360474 7.3432993888855 7.34349012374878 7.34376764297485 7.34415674209595 7.34468698501587 7.34544038772583 7.34711885452271
1964 12 21 00 7.43196392059326 7.43118906021118 7.4304895401001 7.43001079559326 7.42961025238037 7.42914152145386 7.42857265472412 7.42801332473755
1964 12 22 00 7.36406326293945 7.36237144470215 7.36212110519409 7.36205244064331 7.36195039749146 7.36187267303467 7.36178636550903 7.36161756515503
1964 12 23 00 7.38295793533325 7.38274955749512 7.38274955749512 7.38274955749512 7.38274955749512 7.38274955749512 7.38274955749512 7.38213062286377
1964 12 24 00 7.29254531860352 7.29254531860352 7.29254531860352 7.29254531860352 7.2920560836792 7.2917652130127 7.2917652130127 7.29353046417236
1964 12 25 00 7.23013830184937 7.23013830184937 7.23013830184937 7.23013830184937 7.23013830184937 7.23012828826904 7.23009300231934 7.2303524017334
1964 12 26 00 7.19977760314941 7.19762992858887 7.19595813751221 7.1946234703064 7.19347858428955 7.19254922866821 7.19206571578979 7.19540119171143
1964 12 27 00 7.20339155197144 7.20258188247681 7.20204019546509 7.20154237747192 7.20108556747437 7.20075225830078 7.20063066482544 7.21941614151001
1964 12 28 00 7.14965009689331 7.15032243728638 7.15018033981323 7.14958524703979 7.14904451370239 7.14886140823364 7.14984321594238 7.15723991394043
1964 12 29 00 7.04705667495728 7.04705667495728 7.0470986366272 7.04660558700562 7.04635858535767 7.04634428024292 7.04644823074341 7.04644823074341
1964 12 30 00 6.68612861633301 6.68843936920166 6.68792390823364 6.68599939346313 6.68425941467285 6.68355560302734 6.68548250198364 6.69943618774414
1964 12 31 00 6.14027500152588 6.14283466339111 6.14208221435547 6.14054012298584 6.13903093338013 6.13849306106567 6.14030933380127 6.15276908874512
