1964 01 01 0 0.00359749374911189
1964 01 02 0 0.00354691920801997
1964 01 03 0 0.00915013533085585
1964 01 04 0 0.00839715451002121
1964 01 05 0 0.00389725365675986
1964 01 06 0 0.00166555028408766
1964 01 07 0 0.00179232249502093
1964 01 08 0 0.0022708170581609
1964 01 09 0 0.00706970877945423
1964 01 10 0 0.00911134947091341
1964 01 11 0 0.0243328977376223
1964 01 12 0 0.00618330761790276
1964 01 13 0 0.00314439460635185
1964 01 14 0 0.00255169696174562
1964 01 15 0 0.00101945246569812
1964 01 16 0 0.00132066383957863
1964 01 17 0 0.0030060326680541
1964 01 18 0 0.00103344395756721
1964 01 19 0 0.00121953617781401
1964 01 20 0 0.00163239554967731
1964 01 21 0 0.000810603552963585
1964 01 22 0 0.00048486128798686
1964 01 23 0 0.00100298505276442
1964 01 24 0 0.00104669609572738
1964 01 25 0 0.00399213982746005
1964 01 26 0 0.00365420687012374
1964 01 27 0 0.00568367494270205
1964 01 28 0 0.00649547530338168
1964 01 29 0 0.00506140198558569
1964 01 30 0 0.00406573386862874
1964 01 31 0 0.00486044678837061
1964 02 01 0 0.00484889419749379
1964 02 02 0 0.00508925365284085
1964 02 03 0 0.00468381401151419
1964 02 04 0 0.00287179439328611
1964 02 05 0 0.000829746946692467
1964 02 06 0 0.00126523489598185
1964 02 07 0 0.00466318801045418
1964 02 08 0 0.00687494501471519
1964 02 09 0 0.00633488548919559
1964 02 10 0 0.00562839163467288
1964 02 11 0 0.00398305058479309
1964 02 12 0 0.00304230535402894
1964 02 13 0 0.00131263246294111
1964 02 14 0 0.000494306383188814
1964 02 15 0 0.000658424571156502
1964 02 16 0 0.000666892388835549
1964 02 17 0 0.00154672260396183
1964 02 18 0 0.00585927069187164
1964 02 19 0 0.00552430283278227
1964 02 20 0 0.00489490665495396
1964 02 21 0 0.00212608650326729
1964 02 22 0 0.00256108958274126
1964 02 23 0 0.00135258573573083
1964 02 24 0 0.0011967500904575
1964 02 25 0 0.00143169867806137
1964 02 26 0 0.00137353711761534
1964 02 27 0 0.00180558348074555
1964 02 28 0 0.00193517003208399
1964 02 29 0 0.00193517003208399
1964 03 01 0 0.000594327109865844
1964 03 02 0 0.00309915211983025
1964 03 03 0 0.00571653433144093
1964 03 04 0 0.005345712415874
1964 03 05 0 0.00346732209436595
1964 03 06 0 0.00108913157600909
1964 03 07 0 0.000552970159333199
1964 03 08 0 0.000773276900872588
1964 03 09 0 0.0018275841139257
1964 03 10 0 0.000406903069233522
1964 03 11 0 0.000718153431080282
1964 03 12 0 0.000631945265922695
1964 03 13 0 0.0015991727123037
1964 03 14 0 0.000774465093854815
1964 03 15 0 0.000718745053745806
1964 03 16 0 0.000359129888238385
1964 03 17 0 0.000183898984687403
1964 03 18 0 0.000632919953204691
1964 03 19 0 0.00267557776533067
1964 03 20 0 0.00358643475919962
1964 03 21 0 0.00356507836841047
1964 03 22 0 0.00222740927711129
1964 03 23 0 0.00232171127572656
1964 03 24 0 0.00614914391189814
1964 03 25 0 0.00469197612255812
1964 03 26 0 0.00160660268738866
1964 03 27 0 0.00133321073371917
1964 03 28 0 0.00373851601034403
1964 03 29 0 0.0030058438424021
1964 03 30 0 0.00849360600113869
1964 03 31 0 0.0116939404979348
1964 04 01 0 0.0133737698197365
1964 04 02 0 0.0103696743026376
1964 04 03 0 0.00421530567109585
1964 04 04 0 0.0028435904532671
1964 04 05 0 0.00268152169883251
1964 04 06 0 0.00289962883107364
1964 04 07 0 0.0039035442750901
1964 04 08 0 0.00423646997660398
1964 04 09 0 0.00215894565917552
1964 04 10 0 0.00151464343070984
1964 04 11 0 0.0013101965887472
1964 04 12 0 0.00324595160782337
1964 04 13 0 0.0050255679525435
1964 04 14 0 0.00468439888209105
1964 04 15 0 0.0028432565741241
1964 04 16 0 0.00410539144650102
1964 04 17 0 0.00350638711825013
1964 04 18 0 0.000959815923124552
1964 04 19 0 0.000553814752493054
1964 04 20 0 0.000529729237314314
1964 04 21 0 0.000961096549872309
1964 04 22 0 0.00148023816291243
1964 04 23 0 0.00331099797040224
1964 04 24 0 0.00522884679958224
1964 04 25 0 0.00251372274942696
1964 04 26 0 0.00073987856740132
1964 04 27 0 0.00126611278392375
1964 04 28 0 0.00265993177890778
1964 04 29 0 0.00196724571287632
1964 04 30 0 0.000979828997515142
1964 05 01 0 0.000636681623291224
1964 05 02 0 0.00103736040182412
1964 05 03 0 0.000603697029873729
1964 05 04 0 0.000320837978506461
1964 05 05 0 0.000673742848448455
1964 05 06 0 0.00153953616973013
1964 05 07 0 0.0027577169239521
1964 05 08 0 0.0028604029212147
1964 05 09 0 0.00194786407519132
1964 05 10 0 0.00112802383955568
1964 05 11 0 0.00053113343892619
1964 05 12 0 0.000648621469736099
1964 05 13 0 0.0033859743271023
1964 05 14 0 0.00300079677253962
1964 05 15 0 0.00173001002985984
1964 05 16 0 0.00101721624378115
1964 05 17 0 0.00167930626776069
1964 05 18 0 0.00197857874445617
1964 05 19 0 0.00097528105834499
1964 05 20 0 0.00157332746312022
1964 05 21 0 0.00188358733430505
1964 05 22 0 0.00190801697317511
1964 05 23 0 0.00322861783206463
1964 05 24 0 0.00318533484824002
1964 05 25 0 0.00146430335007608
1964 05 26 0 0.00121966388542205
1964 05 27 0 0.00221179611980915
1964 05 28 0 0.00177512876689434
1964 05 29 0 0.000788442906923592
1964 05 30 0 0.000313848839141428
1964 05 31 0 0.0005244598723948
1964 06 01 0 0.000569454859942198
1964 06 02 0 0.000404306338168681
1964 06 03 0 0.00031399805448018
1964 06 04 0 0.00172697752714157
1964 06 05 0 0.000943842751439661
1964 06 06 0 0.00163029704708606
1964 06 07 0 0.00175367528572679
1964 06 08 0 0.00165125110652298
1964 06 09 0 0.000775441876612604
1964 06 10 0 0.000489932775963098
1964 06 11 0 0.00184646691195667
1964 06 12 0 0.0021002592984587
1964 06 13 0 0.00158663804177195
1964 06 14 0 0.00128245819360018
1964 06 15 0 0.00245188968256116
1964 06 16 0 0.00268486747518182
1964 06 17 0 0.000937323900870979
1964 06 18 0 0.000618513906374574
1964 06 19 0 0.000645430700387806
1964 06 20 0 0.000576406717300415
1964 06 21 0 0.000397092138882726
1964 06 22 0 0.000794471299741417
1964 06 23 0 0.00120049074757844
1964 06 24 0 0.0018478692509234
1964 06 25 0 0.00101598910987377
1964 06 26 0 0.000757049361709505
1964 06 27 0 0.000160540788783692
1964 06 28 0 0.000129047635709867
1964 06 29 0 0.000340644881362095
1964 06 30 0 0.000662147358525544
1964 07 01 0 0.000413309986470267
1964 07 02 0 0.000557187187951058
1964 07 03 0 0.000612009433098137
1964 07 04 0 0.00103251414839178
1964 07 05 0 0.00123261089902371
1964 07 06 0 0.00275364029221237
1964 07 07 0 0.00368759850971401
1964 07 08 0 0.00457458943128586
1964 07 09 0 0.00553416926413774
1964 07 10 0 0.00683670584112406
1964 07 11 0 0.0027353533077985
1964 07 12 0 0.00161102332640439
1964 07 13 0 0.000918411067686975
1964 07 14 0 0.00171153189148754
1964 07 15 0 0.0010482216021046
1964 07 16 0 0.000813895720057189
1964 07 17 0 0.000559958163648844
1964 07 18 0 0.00088067480828613
1964 07 19 0 0.00163376820273697
1964 07 20 0 0.00192385923583061
1964 07 21 0 0.000742976844776422
1964 07 22 0 0.000560976448468864
1964 07 23 0 0.000716293696314096
1964 07 24 0 0.000266442424617708
1964 07 25 0 0.00180222501512617
1964 07 26 0 0.0017232708632946
1964 07 27 0 0.000534273684024811
1964 07 28 0 0.000319036131259054
1964 07 29 0 0.000434024899732322
1964 07 30 0 0.00101867853663862
1964 07 31 0 0.00153319293167442
1964 08 01 0 0.000770487007685006
1964 08 02 0 0.00077177444472909
1964 08 03 0 0.0015712802996859
1964 08 04 0 0.00155257596634328
1964 08 05 0 0.00108172500040382
1964 08 06 0 0.000738318893127143
1964 08 07 0 0.00110227195546031
1964 08 08 0 0.00252416147850454
1964 08 09 0 0.00248257373459637
1964 08 10 0 0.00155287119559944
1964 08 11 0 0.000510566460434347
1964 08 12 0 0.000430541695095599
1964 08 13 0 0.000342376850312576
1964 08 14 0 0.00104171177372336
1964 08 15 0 0.00131641118787229
1964 08 16 0 0.00556071847677231
1964 08 17 0 0.00590090313926339
1964 08 18 0 0.00222826143726707
1964 08 19 0 0.000854662735946476
1964 08 20 0 0.00100701407063752
1964 08 21 0 0.00158318318426609
1964 08 22 0 0.00224794633686543
1964 08 23 0 0.00172527460381389
1964 08 24 0 0.000735697685740888
1964 08 25 0 0.000835863989777863
1964 08 26 0 0.00186174467671663
1964 08 27 0 0.0045651369728148
1964 08 28 0 0.00738867186009884
1964 08 29 0 0.00889197830110788
1964 08 30 0 0.00728751393035054
1964 08 31 0 0.00352705339901149
1964 09 01 0 0.00181236851494759
1964 09 02 0 0.000818306754808873
1964 09 03 0 0.00105153222102672
1964 09 04 0 0.000807569536846131
1964 09 05 0 0.00301368837244809
1964 09 06 0 0.00875894352793694
1964 09 07 0 0.00839999038726091
1964 09 08 0 0.00418453896418214
1964 09 09 0 0.00124479876831174
1964 09 10 0 0.00148744415491819
1964 09 11 0 0.00161178526468575
1964 09 12 0 0.00125267950352281
1964 09 13 0 0.000594550918322057
1964 09 14 0 0.000809249875601381
1964 09 15 0 0.00153793988283724
1964 09 16 0 0.00163743854500353
1964 09 17 0 0.00171193142887205
1964 09 18 0 0.00376756838522851
1964 09 19 0 0.00685073481872678
1964 09 20 0 0.0105919083580375
1964 09 21 0 0.0087556978687644
1964 09 22 0 0.00349846296012402
1964 09 23 0 0.00147824734449387
1964 09 24 0 0.00121105369180441
1964 09 25 0 0.00150875805411488
1964 09 26 0 0.0029613149818033
1964 09 27 0 0.00556234177201986
1964 09 28 0 0.00220119534060359
1964 09 29 0 0.000778687477577478
1964 09 30 0 0.0014075031504035
1964 10 01 0 0.00264651072211564
1964 10 02 0 0.00779790291562676
1964 10 03 0 0.00725828250870109
1964 10 04 0 0.00472526578232646
1964 10 05 0 0.00184504000935704
1964 10 06 0 0.00210383767262101
1964 10 07 0 0.00607192981988192
1964 10 08 0 0.000968105916399509
1964 10 09 0 0.000771919148974121
1964 10 10 0 0.000650559028144926
1964 10 11 0 0.000927542452700436
1964 10 12 0 0.000887448259163648
1964 10 13 0 0.000810878409538418
1964 10 14 0 0.00163002300541848
1964 10 15 0 0.00193973782006651
1964 10 16 0 0.00145418755710125
1964 10 17 0 0.00195776019245386
1964 10 18 0 0.00349997053854167
1964 10 19 0 0.00417513167485595
1964 10 20 0 0.00383778475224972
1964 10 21 0 0.0058273202739656
1964 10 22 0 0.00999191775918007
1964 10 23 0 0.0158447008579969
1964 10 24 0 0.0114680090919137
1964 10 25 0 0.00916233379393816
1964 10 26 0 0.00383497239090502
1964 10 27 0 0.0025329370982945
1964 10 28 0 0.00203719548881054
1964 10 29 0 0.00170737924054265
1964 10 30 0 0.000556763319764286
1964 10 31 0 0.00054991664364934
1964 11 01 0 0.00164249015506357
1964 11 02 0 0.00506827235221863
1964 11 03 0 0.00518793845549226
1964 11 04 0 0.0050165387801826
1964 11 05 0 0.00358020677231252
1964 11 06 0 0.00168506521731615
1964 11 07 0 0.00172755448147655
1964 11 08 0 0.00528472941368818
1964 11 09 0 0.00710941338911653
1964 11 10 0 0.00995580013841391
1964 11 11 0 0.0125646544620395
1964 11 12 0 0.0104082766920328
1964 11 13 0 0.00580467423424125
1964 11 14 0 0.0063365176320076
1964 11 15 0 0.00507444282993674
1964 11 16 0 0.00220301607623696
1964 11 17 0 0.00130998902022839
1964 11 18 0 0.00353583763353527
1964 11 19 0 0.00577785866335034
1964 11 20 0 0.00509696314111352
1964 11 21 0 0.00295252492651343
1964 11 22 0 0.00340745644643903
1964 11 23 0 0.00496839266270399
1964 11 24 0 0.00187231216114014
1964 11 25 0 0.000677499803714454
1964 11 26 0 0.00471680285409093
1964 11 27 0 0.00610117521136999
1964 11 28 0 0.00319934729486704
1964 11 29 0 0.00265936856158078
1964 11 30 0 0.00747594190761447
1964 12 01 0 0.00912088248878717
1964 12 02 0 0.00524167809635401
1964 12 03 0 0.00157774449326098
1964 12 04 0 0.000605646288022399
1964 12 05 0 0.000939121993724257
1964 12 06 0 0.00138704234268516
1964 12 07 0 0.00243749166838825
1964 12 08 0 0.0014687740476802
1964 12 09 0 0.00193331099580973
1964 12 10 0 0.00223697233013809
1964 12 11 0 0.00141794676892459
1964 12 12 0 0.000924570893403143
1964 12 13 0 0.000216290398384444
1964 12 14 0 0.00107627536635846
1964 12 15 0 0.00137501943390816
1964 12 16 0 0.00136557943187654
1964 12 17 0 0.000749338476452976
1964 12 18 0 0.00183326937258244
1964 12 19 0 0.00400981679558754
1964 12 20 0 0.00303849927149713
1964 12 21 0 0.00193849380593747
1964 12 22 0 0.00367504986934364
1964 12 23 0 0.00472323503345251
1964 12 24 0 0.00428550550714135
1964 12 25 0 0.00193788728211075
1964 12 26 0 0.00148164504207671
1964 12 27 0 0.000609400914981961
1964 12 28 0 0.00132945040240884
1964 12 29 0 0.00400029588490725
1964 12 30 0 0.00381376198492944
1964 12 31 0 0.00351201533339918
