2.19995808237172E-009
2.22749889644547E-009
2.24133689386008E-009
2.25160921019096E-009
2.2606167604522E-009
2.26913137169049E-009
2.27722676271469E-009
2.28499512644475E-009
2.29251764238825E-009
2.29990426703352E-009
2.307262114698E-009
2.31470824729741E-009
2.32238157593656E-009
2.33045192032933E-009
2.3391404369022E-009
2.34882460148356E-009
2.36024764177501E-009
2.37540813685655E-009
2.40731772294111E-009
2.47606362080433E-009
2.60665444784536E-009
2.64747850309277E-009
2.66559556649781E-009
2.6814568343525E-009
2.70155062764843E-009
2.73702625008809E-009
2.81139573843347E-009
2.88212582688629E-009
0.000000003
3.05380538634381E-009
3.16473496297931E-009
3.28242784064514E-009
3.40230528195206E-009
3.51908937545886E-009
3.63057424124235E-009
3.73511390705516E-009
3.83146989690885E-009
3.92014065653257E-009
0.000000004
4.07553315540099E-009
4.1425668229067E-009
4.20314201221572E-009
4.25833022177357E-009
4.31053805982629E-009
4.36218314803228E-009
4.41423999575364E-009
4.46759074179681E-009
4.52375132908856E-009
4.58439686212842E-009
4.65205509669886E-009
4.72628194359004E-009
4.80667061708573E-009
4.89159894812019E-009
0.000000005
5.0664265671685E-009
5.15262001954395E-009
5.23545651276435E-009
5.31348156584955E-009
5.38582689557645E-009
5.4515737701877E-009
5.50978001001565E-009
5.5598615489316E-009
5.6014162197471E-009
5.63622570837195E-009
5.6786632285366E-009
5.79252237287165E-009
6.09513151061945E-009
6.7302593720342E-009
7.93505776641725E-009
9.6186631992623E-009
1.19448046120852E-008
1.42636423561271E-008
1.65876471669435E-008
0.000000019
2.21990234194891E-008
2.5627170430198E-008
2.86446237396376E-008
3.12276199565531E-008
3.34071557972493E-008
3.55816894170857E-008
3.74308200434825E-008
3.84514862616925E-008
3.89376054954482E-008
3.94724395391677E-008
3.96767376287243E-008
3.97938919149965E-008
4.01647923808923E-008
4.04387947128271E-008
4.0710042981118E-008
4.11593077842554E-008
4.16751674947591E-008
4.21100452285828E-008
4.30533731332617E-008
4.37412921883151E-008
4.43408026740144E-008
4.47818393922717E-008
4.51577932381042E-008
4.55202808780087E-008
4.57941695231057E-008
0.000000046
4.63418757590262E-008
4.67150584881893E-008
0.000000047
4.73122639732537E-008
4.79326558888715E-008
4.88679120280722E-008
5.01795057061825E-008
0.000000052
5.3866045846007E-008
5.6859641972551E-008
5.86353905873695E-008
6.3419366824746E-008
0.000000064
6.5069804122686E-008
7.0385851813626E-008
9.17893089535935E-008