9.10495501216246E-8 
9.1252665868069E-8 
9.13680935354932E-8 
9.1461117790459E-8 
9.15481521701622E-8 
9.16352007607202E-8 
9.17263207611541E-8 
9.18234093205683E-8 
9.1927837786443E-8 
9.20406861837364E-8 
9.21635177064672E-8 
9.22984426665607E-8 
9.24484950814985E-8 
9.26182863736358E-8 
9.28158030433224E-8 
9.30550783095896E-8 
9.33664168201176E-8 
9.38407680450837E-8 
9.51420560113547E-8 
9.97389193457821E-8 
1.02316100480948E-7 
1.02577459415443E-7 
1.02693476833338E-7 
1.02784326827532E-7 
1.02887426578491E-7 
1.0272103168063E-7 
1.0109087611454E-7 
1.0292964702785E-7 
1.0781113246594E-7 
1.12374010541316E-7 
1.13789177191848E-7 
1.10664238661684E-7 
1.0339406486537E-7 
9.34997288482009E-8 
8.26214119342694E-8 
7.20823578603813E-8 
6.26729672603688E-8 
5.4721244424627E-8 
4.801997732784E-8 
4.23940598182071E-8 
3.76364788223782E-8 
3.35717125210522E-8 
3.00990876667129E-8 
2.71799152073982E-8 
2.47531772856746E-8 
2.27578862421751E-8 
2.11235278158028E-8 
1.98144167740111E-8 
1.87639610516044E-8 
1.79091319552072E-8 
1.72017990962559E-8 
1.6607966557558E-8 
1.61015076827198E-8 
1.56704835774235E-8 
1.53152139859003E-8 
1.50163295131733E-8 
1.47514374049251E-8 
1.45063552281499E-8 
1.42839189365418E-8 
1.40780356261416E-8 
1.38891724787982E-8 
1.37324294158248E-8 
1.36305366993383E-8 
1.35824071989532E-8 
1.35935174228052E-8 
1.36751614476793E-8 
1.38326869958405E-8 
1.40600047160433E-8 
1.43540548336318E-8 
1.47043852649631E-8 
1.51100998380116E-8 
1.54195767265719E-8 
1.55990242944881E-8 
1.57460320338032E-8 
1.59038755498386E-8 
1.61436961576555E-8 
1.62914819412663E-8 
1.63894693372413E-8 
1.6438383099171E-8 
1.64729314633405E-8 
1.65008344765738E-8 
1.65226747839142E-8 
1.65497660020719E-8 
1.65783298200495E-8 
1.6598344032559E-8 
1.66240070598178E-8 
1.66657496691869E-8 
1.66980633764524E-8 
1.67390137306711E-8 
1.67977525222796E-8 
1.6844081685008E-8 
1.68851155279981E-8 
1.69511693570712E-8 
1.70068688021274E-8 
1.70664122833841E-8 
1.71307146246136E-8 
1.71948908445074E-8 
1.72480305593581E-8 
1.72972374201663E-8 
1.73403549297291E-8 
1.73992980023741E-8 
1.74664691598991E-8 
1.75158483273208E-8 
1.76055081624327E-8 
1.77730665740228E-8 
1.79259469490489E-8 
1.80574275532308E-8 
1.8224033837555E-8 
1.83653394714156E-8 
1.86010122860125E-8 
1.89165003661174E-8 
1.91192253140571E-8 
1.91629059287379E-8 
1.95454408213891E-8 
2.14464286329985E-8 
2.42490880708601E-8 
