1.61379898333536E-9 
1.6142109870998E-9 
1.61473989734873E-9 
1.61527391462357E-9 
1.61581192870131E-9 
1.61634783335529E-9 
1.61687474520278E-9 
1.61739710513586E-9 
1.61791924302435E-9 
1.61844371238118E-9 
1.61897339978623E-9 
1.61951207999778E-9 
1.62006486004174E-9 
1.62063951147928E-9 
1.62125146641046E-9 
1.62192670405403E-9 
1.62272373316341E-9 
1.62383195778659E-9 
1.62671687231608E-9 
1.62903335265696E-9 
1.62520519264575E-9 
1.62379332202534E-9 
1.62257640656804E-9 
1.62057456343234E-9 
1.61593649572467E-9 
1.58842383690683E-9 
1.2097410850842E-9 
6.92939539082005E-10 
3.60616009276171E-10 
1.90238436115209E-10 
1.2836487428558E-10 
1.2183780373487E-10 
1.23002066865219E-10 
1.23937249352224E-10 
1.21469584390965E-10 
1.173233454832E-10 
1.12448113320784E-10 
1.07258438242219E-10 
1.02086269992974E-10 
9.75218794607713E-11 
9.32507890349932E-11 
8.95285304225446E-11 
8.65588017928687E-11 
8.41220218483762E-11 
8.21506751513823E-11 
8.05304087303504E-11 
7.91916879294696E-11 
7.80729647598122E-11 
7.71248134801006E-11 
7.63185487029361E-11 
7.56758475328745E-11 
7.51663245535106E-11 
7.47775522058625E-11 
7.44784442452406E-11 
7.42603895043104E-11 
7.41330746789615E-11 
7.408234442563E-11 
7.41019190453329E-11 
7.41737435361323E-11 
7.42370470652176E-11 
7.41541134052781E-11 
7.36621735830667E-11 
7.28010152162284E-11 
7.1575557980541E-11 
6.99428570616334E-11 
6.78331002479382E-11 
6.5656403924752E-11 
6.36210251148128E-11 
6.14556877609473E-11 
5.93529531078829E-11 
5.73768012268605E-11 
5.53226353616765E-11 
5.27884680412427E-11 
4.94541109452573E-11 
4.57542476128836E-11 
4.1799112782126E-11 
3.77706546594858E-11 
3.42058811830803E-11 
3.22584389755853E-11 
3.13708295451853E-11 
3.11013298448515E-11 
3.0977598958204E-11 
3.08758192624214E-11 
3.09438343004675E-11 
3.10014340587639E-11 
3.10811723580606E-11 
3.11991821266844E-11 
3.11576840716921E-11 
3.11897938032324E-11 
3.12983354511243E-11 
3.12664581725297E-11 
3.12185000073129E-11 
3.10853807972133E-11 
3.10200060082977E-11 
3.09597451841892E-11 
3.09278332111251E-11 
3.09107531237807E-11 
3.08580765107092E-11 
3.07981834479776E-11 
3.07442196700869E-11 
3.06797920401891E-11 
3.06119712911723E-11 
3.05902525532531E-11 
3.08334018039869E-11 
3.08483759370315E-11 
3.08457877296053E-11 
3.09027456402156E-11 
3.10046675833231E-11 
3.11445383371911E-11 
3.14535550383077E-11 
3.1427468266676E-11 
3.14971243531303E-11 
3.15667075811987E-11 
3.15651567384112E-11 
3.14253657818231E-11 
3.12957090797816E-11 
