0.000876379141118377 
0.000876268488354981 
0.000876233156304806 
0.000876218196935952 
0.000876212609000504 
0.000876212841831148 
0.000876217673067003 
0.00087622570572421 
0.000876235717441887 
0.000876246893312782 
0.000876258476637304 
0.000876269768923521 
0.000876280129887164 
0.000876288686413318 
0.000876294157933444 
0.000876294623594731 
0.000876286416314542 
0.000876259000506252 
0.000876133854035288 
0.000875421392265707 
0.000874964811373502 
0.000874908466357738 
0.00087486207485199 
0.000874781107995659 
0.000874590186867863 
0.000873510958626866 
0.000855734688229859 
0.000828909280244261 
0.000810296332929283 
0.000796282722149044 
0.000785139796789736 
0.000776678323745728 
0.000768831465393305 
0.000760218885261565 
0.0007503786473535 
0.000739484385121614 
0.000727811711840332 
0.000715640373528004 
0.000703257217537612 
0.000691017718054354 
0.000679427874274552 
0.000668789958581328 
0.00065938092302531 
0.000651089998427778 
0.000643706356640905 
0.000636899436358362 
0.000630540831480175 
0.000624435022473335 
0.000618522404693067 
0.000612880161497742 
0.000607647991273552 
0.000602839165367186 
0.000598316080868244 
0.000593769364058971 
0.000589175324421376 
0.000584686989895999 
0.000580368912778795 
0.000576218473725021 
0.000572187243960798 
0.000568118179216981 
0.000563746027182788 
0.00055880204308778 
0.000553223013412207 
0.000547171104699373 
0.000540746259503067 
0.0005339544150047 
0.000527376367244869 
0.000521542970091105 
0.000516511383466423 
0.000512321479618549 
0.00050874543376267 
0.000506050128024071 
0.000503760762512684 
0.000501273199915886 
0.00049819186097011 
0.000494482694193721 
0.000490979582536966 
0.000487980956677347 
0.000486119912238792 
0.000485003314679489 
0.000484178774058819 
0.000483472889754921 
0.000482867646496743 
0.000482396775623783 
0.00048209322267212 
0.000481873081298545 
0.000481646391563118 
0.000481499620946124 
0.000481366936583072 
0.000481138995382935 
0.000480990274809301 
0.000480845250422135 
0.000480570655781776 
0.000480327376862988 
0.000479991460451856 
0.000479876878671348 
0.000479845883091912 
0.000479726091725752 
0.0004795934073627 
0.000479449459817261 
0.000479282025480643 
0.000479087902931497 
0.000478978327009827 
0.000479331851238385 
0.000479508133139461 
0.00047965845442377 
0.000479903246741742 
0.00048017461085692 
0.000480380054796115 
0.000480793911265209 
0.000480720860650763 
0.000480811722809449 
0.000481294613564387 
0.000481608120026067 
0.000481671275338158 
0.000481681287055835 
